Selection	View	Channel	Begin Time (s)	End Time (s)	Low Freq (Hz)	High Freq (Hz)	Annotation
1	Spectrogram 1	1	1681.14115953429	1681.33032812667	763.031339199937	2184.45125193136	158_1680_1
2	Spectrogram 1	1	1681.58173624219	1681.76404485308	746.503200679804	2234.03566749176	158_1680_2
3	Spectrogram 1	1	1682.10524117144	1682.32146303019	746.503200679804	2035.69800525017	158_1680_3
4	Spectrogram 1	1	1691.36238797252	1691.55739829449	696.918785119405	2382.78891417296	158_1690_1
5	Spectrogram 1	1	1692.44771776628	1692.65240120708	614.278092518741	2382.78891417296	158_1690_2
6	Spectrogram 1	1	1692.93468690355	1693.18579942815	597.749953998608	2068.75428229043	158_1690_3
7	Spectrogram 1	1	1694.16964593625	1694.38382376764	415.940430277146	2035.69800525017	158_1690_4
8	Spectrogram 1	1	1694.6719008647	1694.95668920349	349.827876196615	2366.26077565283	158_1690_5
9	Spectrogram 1	1	1698.81377768584	1699.03716527707	548.165538438209	2531.54216085416	158_1695_1
10	Spectrogram 1	1	1703.97481597514	1704.22704799032	515.109261397944	2432.37332973336	158_1700_1
11	Spectrogram 1	1	1748.00493966632	1748.27598739273	614.278092518741	2382.78891417296	158_1745_1
12	Spectrogram 1	1	1748.37819952696	1748.62161068784	630.806231038874	2283.62008305216	158_1745_2
13	Spectrogram 1	1	1748.76945614109	1749.05941360138	630.806231038874	2267.09194453203	158_1745_3
14	Spectrogram 1	1	1749.1713023	1749.42935317633	614.278092518741	2366.26077565283	158_1745_4
15	Spectrogram 1	1	1749.5723848255	1749.84304279366	564.693676958342	2234.03566749176	158_1745_5
16	Spectrogram 1	1	1749.99541845525	1750.26824749352	581.221815478475	2200.9793904515	158_1750_1
17	Spectrogram 1	1	1750.41384805068	1750.72136879244	581.221815478475	2267.09194453203	158_1750_2
18	Spectrogram 1	1	1750.84403005263	1751.13514973631	531.637399918076	2200.9793904515	158_1750_3
19	Spectrogram 1	1	1751.27683412901	1751.56282538845	581.221815478475	2217.50752897163	158_1750_4
20	Spectrogram 1	1	1751.72131591151	1751.98050356953	531.637399918076	2200.9793904515	158_1750_5
21	Spectrogram 1	1	1752.16468375795	1752.46243180766	548.165538438209	2217.50752897163	158_1750_6
22	Spectrogram 1	1	2219.97927490012	2220.31724007502	763.031339199937	3473.64605650173	158_2220_1
23	Spectrogram 1	1	2220.514592652	2220.87152197023	663.862508079139	3490.17419502186	158_2220_2
24	Spectrogram 1	1	2221.04159089532	2221.42849249616	630.806231038874	3572.81488762253	158_2220_3
25	Spectrogram 1	1	2221.60101446533	2221.98359597442	647.334369559006	3572.81488762253	158_2220_4
26	Spectrogram 1	1	2222.17572511747	2222.56759942315	647.334369559006	3506.702333542	158_2220_5
27	Spectrogram 1	1	2222.74535931519	2223.10311886873	663.862508079139	3490.17419502186	158_2220_6
28	Spectrogram 1	1	2477.04145817671	2477.33880490375	498.58112287781	2366.26077565283	158_2475_1
29	Spectrogram 1	1	2477.41228594088	2477.68397819746	531.637399918076	2267.09194453203	158_2475_2
30	Spectrogram 1	1	2477.8205507922	2478.10893629405	597.749953998608	2217.50752897163	158_2475_3
31	Spectrogram 1	1	2478.220147317	2478.52521368141	531.637399918076	2217.50752897163	158_2475_4
32	Spectrogram 1	1	2478.6502957881	2478.91559600181	614.278092518741	2234.03566749176	158_2475_5
33	Spectrogram 1	1	2479.06870007721	2479.34216167592	564.693676958342	2151.3949748911	158_2475_6
34	Spectrogram 1	1	2479.49862950558	2479.78377775697	564.693676958342	2151.3949748911	158_2475_7
35	Spectrogram 1	1	2479.91914618558	2480.22971770344	581.221815478475	2267.09194453203	158_2475_8
36	Spectrogram 1	1	2480.37155195323	2480.67579063976	564.693676958342	2250.5638060119	158_2480_1
37	Spectrogram 1	1	2480.8309483953	2481.12242040111	597.749953998608	2184.45125193136	158_2480_2
38	Spectrogram 1	1	2833.88418994251	2834.19211116778	630.806231038874	2250.5638060119	158_2830_1
39	Spectrogram 1	1	2834.55742597072	2834.89097357785	597.749953998608	2267.09194453203	158_2830_2
40	Spectrogram 1	1	2835.30822125103	2835.64259927897	713.446923639538	2234.03566749176	158_2835_1
41	Spectrogram 1	1	2855.77864189483	2856.10096663266	680.390646599272	2234.03566749176	158_2855_1
42	Spectrogram 1	1	2856.47028640309	2856.79673577421	614.278092518741	2349.73263713269	158_2855_2
43	Spectrogram 1	1	2857.26217669311	2857.60461836646	531.637399918076	2300.14822157229	158_2855_3
44	Spectrogram 1	1	2858.02888479775	2858.35118209242	597.749953998608	2316.67636009243	158_2855_4
45	Spectrogram 1	1	2974.34790760223	2974.70659000773	564.693676958342	2382.78891417296	158_2970_1
46	Spectrogram 1	1	2975.06794080698	2975.39247235145	614.278092518741	2234.03566749176	158_2975_1
47	Spectrogram 1	1	2975.82286567914	2976.17035291425	647.334369559006	2283.62008305216	158_2975_2
48	Spectrogram 1	1	2976.55656872878	2976.89061468692	564.693676958342	2283.62008305216	158_2975_3
49	Spectrogram 1	1	2998.39550550849	2998.71209271159	548.165538438209	2333.20449861256	158_2995_1
50	Spectrogram 1	1	2999.1280673249	2999.48828697115	614.278092518741	2333.20449861256	158_2995_2
51	Spectrogram 1	1	2999.91105343157	3000.21897465684	597.749953998608	2316.67636009243	158_3000_1
52	Spectrogram 1	1	3000.66996302667	3001.03416669621	531.637399918076	2316.67636009243	158_3000_2
53	Spectrogram 1	1	3001.43887334954	3001.78852435999	548.165538438209	2234.03566749176	158_3000_3
54	Spectrogram 1	1	3021.98278338543	3022.32171364683	564.693676958342	2316.67636009243	158_3020_1
55	Spectrogram 1	1	3022.72665919556	3023.076310206	581.221815478475	2300.14822157229	158_3020_2
56	Spectrogram 1	1	3023.50148457331	3023.85924412685	581.221815478475	2333.20449861256	158_3020_3
57	Spectrogram 1	1	3024.31907305902	3024.65786467093	614.278092518741	2267.09194453203	158_3020_4
58	Spectrogram 1	1	3122.55754565597	3122.90032152852	614.278092518741	2399.31705269309	158_3120_1
59	Spectrogram 1	1	3123.33960634832	3123.70203601462	564.693676958342	2316.67636009243	158_3120_2
60	Spectrogram 1	1	3124.10786633942	3124.45395807422	597.749953998608	2283.62008305216	158_3120_3
61	Spectrogram 1	1	3124.90529750918	3125.28776353531	548.165538438209	2200.9793904515	158_3120_4
62	Spectrogram 1	1	3125.6850580231	3126.03236644505	581.221815478475	2267.09194453203	158_3125_1
63	Spectrogram 1	1	3142.93573084731	3143.28442627665	564.693676958342	2366.26077565283	158_3140_1
64	Spectrogram 1	1	3143.68718114355	3144.03296227886	581.221815478475	2333.20449861256	158_3140_2
65	Spectrogram 1	1	3144.43831448954	3144.79115385765	597.749953998608	2250.5638060119	158_3140_3
66	Spectrogram 1	1	3145.20317153607	3145.57200150682	531.637399918076	2300.14822157229	158_3145_1
67	Spectrogram 1	1	3347.20574801925	3347.5304374079	597.749953998608	2300.14822157229	158_3345_1
68	Spectrogram 1	1	3347.94030842084	3348.2865874617	564.693676958342	2283.62008305216	158_3345_2
69	Spectrogram 1	1	3348.69083731683	3349.05326698312	531.637399918076	2234.03566749176	158_3345_3
70	Spectrogram 1	1	3349.44412210943	3349.79327133847	548.165538438209	2184.45125193136	158_3345_4
71	Spectrogram 1	1	3350.22796783395	3350.57519274181	564.693676958342	2267.09194453203	158_3350_1
72	Spectrogram 1	1	3354.70841339526	3354.83189716278	597.749953998608	2151.3949748911	158_3355_1
73	Spectrogram 1	1	3355.46336082978	3355.82380060651	564.693676958342	2200.9793904515	158_3355_2
74	Spectrogram 1	1	3375.13843341657	3375.44086274021	614.278092518741	2217.50752897163	158_3375_1
75	Spectrogram 1	1	3375.85858237831	3376.20838875366	581.221815478475	2382.78891417296	158_3375_2
76	Spectrogram 1	1	3376.59850926559	3376.91575764245	647.334369559006	2267.09194453203	158_3375_3
77	Spectrogram 1	1	3377.37032988605	3377.68701848439	564.693676958342	2101.8105593307	158_3375_4
78	Spectrogram 1	1	3386.2858670464	3386.58791355043	581.221815478475	2267.09194453203	158_3385_1
79	Spectrogram 1	1	3387.05790664423	3387.39814464369	614.278092518741	2283.62008305216	158_3385_2
80	Spectrogram 1	1	3387.77893169115	3388.11740638531	581.221815478475	2167.92311341123	158_3385_3
81	Spectrogram 1	1	3388.59120903052	3388.92298974045	614.278092518741	2234.03566749176	158_3385_4
82	Spectrogram 1	1	3397.28080508601	3397.62343517944	498.58112287781	2234.03566749176	158_3395_1
83	Spectrogram 1	1	3398.03972585686	3398.38460090452	564.693676958342	2333.20449861256	158_3395_2
84	Spectrogram 1	1	3404.3331236656	3404.66020514822	531.637399918076	2283.62008305216	158_3400_1
85	Spectrogram 1	1	3405.04505293931	3405.38045823198	564.693676958342	2300.14822157229	158_3405_1
86	Spectrogram 1	1	3412.08108090489	3412.39832928176	630.806231038874	2300.14822157229	158_3410_1
87	Spectrogram 1	1	3412.81344738424	3413.13582849129	531.637399918076	2283.62008305216	158_3410_2
88	Spectrogram 1	1	3421.36807910287	3421.70450964274	515.109261397944	2267.09194453203	158_3420_1
89	Spectrogram 1	1	3422.08778563293	3422.43728703082	531.637399918076	2250.5638060119	158_3420_2
90	Spectrogram 1	1	3422.8224997032	3423.17965249225	548.165538438209	2333.20449861256	158_3420_3
91	Spectrogram 1	1	3438.14544588982	3438.47628507412	564.693676958342	2267.09194453203	158_3435_1
92	Spectrogram 1	1	3438.84537313374	3439.19393978827	548.165538438209	2349.73263713269	158_3435_2
93	Spectrogram 1	1	3439.58272794779	3439.92752675305	614.278092518741	2217.50752897163	158_3435_3
94	Spectrogram 1	1	3450.61842584925	3450.94531061924	564.693676958342	2316.67636009243	158_3450_1
95	Spectrogram 1	1	3451.32753913917	3451.67381818003	581.221815478475	2300.14822157229	158_3450_2
96	Spectrogram 1	1	3452.0616663909	3452.40958557359	515.109261397944	2283.62008305216	158_3450_3
97	Spectrogram 1	1	3460.23936836688	3460.59492192981	548.165538438209	2267.09194453203	158_3460_1
98	Spectrogram 1	1	3460.95094982068	3461.27755285649	597.749953998608	2250.5638060119	158_3460_2
99	Spectrogram 1	1	3461.67760802611	3462.02833461331	564.693676958342	2234.03566749176	158_3460_3
100	Spectrogram 1	1	3475.0730517239	3475.39040560993	581.221815478475	2267.09194453203	158_3475_1
101	Spectrogram 1	1	3475.80098842067	3476.14821332853	531.637399918076	2267.09194453203	158_3475_2
102	Spectrogram 1	1	3476.67941620983	3477.00468254161	531.637399918076	2234.03566749176	158_3475_3
103	Spectrogram 1	1	3490.38005159299	3490.7307189421	564.693676958342	3754.62441134399	158_3490_1
104	Spectrogram 1	1	3491.14620101894	3491.50024107476	696.918785119405	3655.45558022319	158_3490_2
105	Spectrogram 1	1	3491.9452672795	3492.3143271107	729.975062159671	3655.45558022319	158_3490_3
106	Spectrogram 1	1	3492.85246157553	3493.25315558566	614.278092518741	3853.79324246479	158_3490_4
107	Spectrogram 1	1	3507.94329520869	3508.30321616271	581.221815478475	3936.43393506545	158_3505_1
108	Spectrogram 1	1	3508.67877646816	3509.04662750326	548.165538438209	3986.01835062585	158_3505_2
109	Spectrogram 1	1	3509.42824298417	3509.80111619356	597.749953998608	3986.01835062585	158_3505_3
110	Spectrogram 1	1	3522.09585011044	3522.46320235553	663.862508079139	3936.43393506545	158_3520_1
111	Spectrogram 1	1	3522.84074599566	3523.20143797624	630.806231038874	3853.79324246479	158_3520_2
112	Spectrogram 1	1	3523.61655007645	3523.99656834092	630.806231038874	3804.20882690439	158_3520_3
113	Spectrogram 1	1	3532.17383692472	3532.5091535387	614.278092518741	3671.98371874332	158_3530_1
114	Spectrogram 1	1	3532.92908641468	3533.27666105559	713.446923639538	3638.92744170306	158_3530_2
115	Spectrogram 1	1	3541.81648360511	3542.16721019231	663.862508079139	3605.87116466279	158_3540_1
116	Spectrogram 1	1	3542.61617166311	3542.98755408737	647.334369559006	3688.51185726346	158_3540_2
117	Spectrogram 1	1	3547.83034684979	3548.17778105439	647.334369559006	3754.62441134399	158_3545_1
118	Spectrogram 1	1	3548.58107985189	3548.92723740814	597.749953998608	3655.45558022319	158_3545_2
119	Spectrogram 1	1	3591.52224523881	3591.84125828394	548.165538438209	3556.28674910239	158_3590_1
120	Spectrogram 1	1	3592.28560992865	3592.65952196504	564.693676958342	3688.51185726346	158_3590_2
121	Spectrogram 1	1	3593.04413164126	3593.38467054581	614.278092518741	3589.34302614266	158_3590_3
122	Spectrogram 1	1	3609.83781057394	3610.08154371881	713.446923639538	3655.45558022319	158_3610_1
123	Spectrogram 1	1	3610.57820798269	3610.95228352189	614.278092518741	3754.62441134399	158_3610_2
124	Spectrogram 1	1	3611.33798601506	3611.71552754013	647.334369559006	3754.62441134399	158_3610_3
125	Spectrogram 1	1	3612.04117725777	3612.42774300064	531.637399918076	3771.15254986412	158_3610_4
126	Spectrogram 1	1	3631.66289982105	3632.00284642113	614.278092518741	3853.79324246479	158_3630_1
127	Spectrogram 1	1	3632.43136021391	3632.80242810454	564.693676958342	4002.54648914598	158_3630_2
128	Spectrogram 1	1	3633.20741894131	3633.5437263875	548.165538438209	3886.84951950505	158_3630_3
129	Spectrogram 1	1	3644.40868871151	3644.73322025598	729.975062159671	3688.51185726346	158_3640_1
130	Spectrogram 1	1	3645.16440371023	3645.53801311906	680.390646599272	3870.32138098492	158_3645_1
131	Spectrogram 1	1	3650.82360165669	3651.17325266714	647.334369559006	3705.03999578359	158_3650_1
132	Spectrogram 1	1	3651.58721419931	3651.92691408278	713.446923639538	3721.56813430372	158_3650_2
133	Spectrogram 1	1	3656.38922089346	3656.73137115554	647.334369559006	3837.26510394465	158_3655_1
134	Spectrogram 1	1	3657.15498148156	3657.48804319911	548.165538438209	3820.73696542452	158_3655_2
135	Spectrogram 1	1	3657.91619135836	3658.27201659035	581.221815478475	3870.32138098492	158_3655_3
136	Spectrogram 1	1	3668.79605946827	3669.15079586883	614.278092518741	3705.03999578359	158_3665_1
137	Spectrogram 1	1	3669.55284246032	3669.93039334187	581.221815478475	3622.39930318293	158_3665_2
138	Spectrogram 1	1	3670.32351377199	3670.68345905105	564.693676958342	3407.5335024212	158_3670_1
139	Spectrogram 1	1	3679.42801428344	3679.79076086748	581.221815478475	3738.09627282386	158_3675_1
140	Spectrogram 1	1	3680.18837456008	3680.55260035345	548.165538438209	3787.68068838425	158_3680_1
141	Spectrogram 1	1	3680.94385101413	3681.3176011703	597.749953998608	3671.98371874332	158_3680_2
142	Spectrogram 1	1	3684.75497749063	3685.10996322534	630.806231038874	3655.45558022319	158_3680_3
143	Spectrogram 1	1	3685.51685901621	3685.88984700836	581.221815478475	3787.68068838425	158_3685_1
144	Spectrogram 1	1	3700.63875447214	3700.98458030213	597.749953998608	3771.15254986412	158_3700_1
145	Spectrogram 1	1	3701.40215940978	3701.77818149445	581.221815478475	3820.73696542452	158_3700_2
146	Spectrogram 1	1	3702.1773469952	3702.52952216574	564.693676958342	3837.26510394465	158_3700_3
147	Spectrogram 1	1	3710.74332521309	3711.09862467392	581.221815478475	3903.37765802518	158_3710_1
148	Spectrogram 1	1	3711.51695971915	3711.8618347668	581.221815478475	3837.26510394465	158_3710_2
149	Spectrogram 1	1	3712.29842731231	3712.65316371287	647.334369559006	3721.56813430372	158_3710_3
150	Spectrogram 1	1	3720.43368401133	3720.76635230363	581.221815478475	3919.90579654532	158_3720_1
151	Spectrogram 1	1	3721.18173123435	3721.54094945763	663.862508079139	3853.79324246479	158_3720_2
152	Spectrogram 1	1	3721.96456533751	3722.32854561301	647.334369559006	3589.34302614266	158_3720_3
153	Spectrogram 1	1	3750.70424328118	3751.35711671549	465.524845837545	3159.6114246192	158_3750_1
154	Spectrogram 1	1	3751.79608194063	3752.48630541407	432.468568797279	3308.3646713004	158_3750_2
155	Spectrogram 1	1	3793.48876068459	3794.28699931362	415.940430277146	3126.55514757894	158_3790_1
156	Spectrogram 1	1	3794.53972993155	3795.22938303008	515.109261397944	3209.1958401796	158_3790_2
157	Spectrogram 1	1	4075.15739580073	4075.52376567877	333.299737676482	2515.01402233402	158_4075_1
158	Spectrogram 1	1	4076.90990112964	4076.97476959339	333.299737676482	2647.23913049509	158_4075_2
159	Spectrogram 1	1	4079.38837961554	4079.45582346003	482.052984357678	2465.42960677362	158_4075_3
160	Spectrogram 1	1	4079.57711290195	4079.66243287852	548.165538438209	2597.65471493469	158_4075_4
161	Spectrogram 1	1	4107.70846514263	4107.98870888937	316.771599156349	2663.76726901522	158_4105_1
162	Spectrogram 1	1	4650.73263140731	4651.02832175572	333.299737676482	2614.18285345482	158_4650_1
163	Spectrogram 1	1	4655.26068817561	4655.46534946943	250.659045075817	2696.82354605548	158_4655_1
164	Spectrogram 1	1	4683.10718646438	4683.57350096406	696.918785119405	3308.3646713004	158_4680_1
165	Spectrogram 1	1	4683.7655178771	4684.2600735888	680.390646599272	3324.89280982053	158_4680_2
166	Spectrogram 1	1	4713.63101427099	4714.11247293078	630.806231038874	3655.45558022319	158_4710_1
167	Spectrogram 1	1	4714.29023782555	4714.78964809832	680.390646599272	3771.15254986412	158_4710_2
168	Spectrogram 1	1	4714.98496341836	4715.49253609053	663.862508079139	3622.39930318293	158_4715_1
169	Spectrogram 1	1	4790.7505338076	4791.17441136581	366.356014716747	1324.98804888446	158_4790_1
170	Spectrogram 1	1	4791.7149579486	4792.16228943157	333.299737676482	1192.76294072339	158_4790_2
171	Spectrogram 1	1	4792.81088100103	4792.93769492365	399.412291757013	2118.33869785083	158_4790_3
172	Spectrogram 1	1	4840.35344644574	4841.03247675296	498.58112287781	3324.89280982053	158_4840_1
173	Spectrogram 1	1	4850.15222500104	4850.24836849	432.468568797279	2895.16120829708	158_4850_1
174	Spectrogram 1	1	4910.02483779933	4910.1045637313	465.524845837545	1886.94475856897	158_4910_1
175	Spectrogram 1	1	4910.28524314253	4910.38393452309	498.58112287781	2052.2261437703	158_4910_2
176	Spectrogram 1	1	4910.71665717462	4910.82176149526	382.88415323688	2267.09194453203	158_4910_3
177	Spectrogram 1	1	4910.89806130656	4910.99867354048	366.356014716747	2432.37332973336	158_4910_4
178	Spectrogram 1	1	4944.02418539711	4944.50256540231	366.356014716747	3506.702333542	158_4940_1
179	Spectrogram 1	1	4945.35575802898	4945.99858654224	680.390646599272	3374.47722538093	158_4945_1
180	Spectrogram 1	1	4946.37108111407	4947.03984616155	597.749953998608	3291.83653278027	158_4945_2
181	Spectrogram 1	1	5425.04467817835	5425.41874568682	630.806231038874	3242.25211721987	158_5425_1
182	Spectrogram 1	1	5425.55289321361	5425.90386896643	614.278092518741	3258.78025574	158_5425_2
183	Spectrogram 1	1	5426.06056991101	5426.40239879349	713.446923639538	3357.9490868608	158_5425_3
184	Spectrogram 1	1	5426.57685927321	5426.9497324826	696.918785119405	3523.23047206213	158_5425_4
185	Spectrogram 1	1	5430.31766916791	5430.62713038042	713.446923639538	3341.42094834067	158_5430_1
186	Spectrogram 1	1	5430.82068160325	5431.1710317586	581.221815478475	3506.702333542	158_5430_2
187	Spectrogram 1	1	5431.35201637231	5431.75644743657	614.278092518741	3424.06164094133	158_5430_3
188	Spectrogram 1	1	5436.31438326264	5436.64246776646	878.728308840867	3490.17419502186	158_5435_1
189	Spectrogram 1	1	5436.83469614441	5437.19162546264	845.672031800601	3539.75861058226	158_5435_2
190	Spectrogram 1	1	5448.77631525564	5448.99137864543	663.862508079139	2812.52051569641	158_5445_1
191	Spectrogram 1	1	5449.25860104	5449.46114667437	696.918785119405	2713.35168457562	158_5445_2
192	Spectrogram 1	1	5449.7227591713	5449.95319975458	647.334369559006	2762.93610013602	158_5445_3
193	Spectrogram 1	1	5451.205681771	5451.41856550045	316.771599156349	2581.12657641455	158_5450_1
194	Spectrogram 1	1	5451.95752263044	5452.25527068015	234.130906555684	2663.76726901522	158_5450_2
195	Spectrogram 1	1	5453.09917363205	5453.39807959668	267.18718359595	2382.78891417296	158_5450_3
196	Spectrogram 1	1	5465.34091854208	5465.51153559674	614.278092518741	2812.52051569641	158_5465_1
197	Spectrogram 1	1	5465.84623036259	5466.03967934588	696.918785119405	2630.71099197495	158_5465_2
198	Spectrogram 1	1	5536.77673571829	5537.91351276969	448.996707317412	911.784585881133	158_5535_1
199	Spectrogram 1	1	5538.45241188731	5539.05743930714	316.771599156349	2234.03566749176	158_5535_2
200	Spectrogram 1	1	5539.24224431353	5539.46934948913	465.524845837545	4068.65904322651	158_5535_3
201	Spectrogram 1	1	5539.69969135451	5539.90709020105	581.221815478475	3969.49021210572	158_5535_4
202	Spectrogram 1	1	5540.14422631514	5540.37623343813	548.165538438209	3870.32138098492	158_5540_1
203	Spectrogram 1	1	5540.62675374366	5540.86954641304	647.334369559006	4002.54648914598	158_5540_2
204	Spectrogram 1	1	5541.12234614785	5541.36542978283	630.806231038874	4002.54648914598	158_5540_3
205	Spectrogram 1	1	5671.33501972858	5671.45352208562	349.827876196615	2019.16986673004	158_5670_1
206	Spectrogram 1	1	5672.69716465134	5672.78274713455	515.109261397944	2184.45125193136	158_5670_2
207	Spectrogram 1	1	5672.8581245221	5672.93593358611	482.052984357678	2151.3949748911	158_5670_3
208	Spectrogram 1	1	5673.04442027675	5673.11545834003	498.58112287781	2300.14822157229	158_5670_4
209	Spectrogram 1	1	5673.3004299159	5673.41886227066	432.468568797279	2333.20449861256	158_5670_5
210	Spectrogram 1	1	5722.06675913545	5722.42842046564	448.996707317412	2217.50752897163	158_5720_1
211	Spectrogram 1	1	5739.72348302684	5739.88262447441	448.996707317412	2812.52051569641	158_5740_1
212	Spectrogram 1	1	5744.31107050503	5744.36232276154	548.165538438209	1886.94475856897	158_5740_2
213	Spectrogram 1	1	5744.62105057272	5744.70042774761	515.109261397944	1986.11358968977	158_5740_3
214	Spectrogram 1	1	5745.05598625513	5745.174344973	465.524845837545	2448.90146825349	158_5745_1
215	Spectrogram 1	1	5745.2572096463	5745.3484333569	465.524845837545	2101.8105593307	158_5745_2
216	Spectrogram 1	1	5747.4256893075	5747.48908930802	515.109261397944	1820.83220448844	158_5745_3
217	Spectrogram 1	1	5747.58234689111	5747.6563554268	630.806231038874	1903.47289708911	158_5745_4
218	Spectrogram 1	1	5747.74631534038	5747.813385259	515.109261397944	1969.58545116964	158_5745_5
219	Spectrogram 1	1	5747.88265485333	5747.95658729771	482.052984357678	2101.8105593307	158_5745_6
220	Spectrogram 1	1	5748.07621513341	5748.15172331867	515.109261397944	2316.67636009243	158_5745_7
221	Spectrogram 1	1	5748.27163362758	5748.34520731802	498.58112287781	2415.84519121323	158_5745_8
222	Spectrogram 1	1	5748.50062060456	5748.57959970651	548.165538438209	2019.16986673004	158_5745_9
223	Spectrogram 1	1	5749.15120999465	5749.2240189944	531.637399918076	2349.73263713269	158_5745_10
224	Spectrogram 1	1	5749.34425494473	5749.41529300801	482.052984357678	2052.2261437703	158_5745_11
225	Spectrogram 1	1	5749.52166430768	5749.61603161774	415.940430277146	2068.75428229043	158_5745_12
226	Spectrogram 1	1	5749.7154534768	5749.81625563151	316.771599156349	2184.45125193136	158_5745_13
227	Spectrogram 1	1	5749.89491095804	5749.97167756839	415.940430277146	2630.71099197495	158_5745_14
228	Spectrogram 1	1	5750.07818701131	5750.17599894216	382.88415323688	2548.07029937429	158_5750_1
229	Spectrogram 1	1	5750.28705733732	5750.3493950986	267.18718359595	2581.12657641455	158_5750_2
230	Spectrogram 1	1	5751.20475504198	5751.26166120023	267.18718359595	2349.73263713269	158_5750_3
231	Spectrogram 1	1	5768.71314907517	5769.00659320563	234.130906555684	2961.27376237761	158_5765_1
232	Spectrogram 1	1	5769.28004505201	5769.55030990531	201.074629515419	2977.80190089774	158_5765_2
233	Spectrogram 1	1	5770.86584479122	5771.1639012183	267.18718359595	2366.26077565283	158_5770_1
234	Spectrogram 1	1	5773.88114311241	5774.14785610482	234.130906555684	2548.07029937429	158_5770_2
235	Spectrogram 1	1	5793.39182427649	5793.48003454818	415.940430277146	2151.3949748911	158_5790_1
236	Spectrogram 1	1	5837.67613638362	5837.75948844886	448.996707317412	2085.28242081057	158_5835_1
237	Spectrogram 1	1	5838.80202344577	5838.86366286854	333.299737676482	2151.3949748911	158_5835_2
238	Spectrogram 1	1	5838.97583105964	5839.06733767494	201.074629515419	2167.92311341123	158_5835_3
239	Spectrogram 1	1	5839.16858537391	5839.24343084653	382.88415323688	1820.83220448844	158_5835_4
240	Spectrogram 1	1	5839.34634623391	5839.42491153531	415.940430277146	2300.14822157229	158_5835_5
241	Spectrogram 1	1	5839.51726313827	5839.59799383782	300.243460636216	2118.33869785083	158_5835_6
242	Spectrogram 1	1	5839.68049162202	5839.74245834354	729.975062159671	2167.92311341123	158_5835_7
