Selection	View	Channel	Begin Time (s)	End Time (s)	Low Freq (Hz)	High Freq (Hz)	Annotation
1	Spectrogram 1	1	2508.60135598335	2509.17505782027	663.862508079139	2531.54216085416	167_2505_1
2	Spectrogram 1	1	2509.5494942157	2510.03963079408	647.334369559006	2498.48588381389	167_2505_2
3	Spectrogram 1	1	2539.60118683823	2540.11169919546	581.221815478475	2729.87982309575	167_2535_1
4	Spectrogram 1	1	2540.28013813916	2540.805345383	647.334369559006	2729.87982309575	167_2540_1
5	Spectrogram 1	1	2541.0101926728	2541.50243950413	680.390646599272	2845.57679273668	167_2540_2
6	Spectrogram 1	1	2561.56691531281	2562.09172393014	729.975062159671	2614.18285345482	167_2560_1
7	Spectrogram 1	1	2562.23334861958	2562.73569801927	647.334369559006	2845.57679273668	167_2560_2
8	Spectrogram 1	1	2562.94858129156	2563.50218479145	713.446923639538	2878.63306977695	167_2560_3
9	Spectrogram 1	1	2563.72923108892	2564.22946957603	614.278092518741	2845.57679273668	167_2560_4
10	Spectrogram 1	1	2569.70061593618	2570.08789660228	713.446923639538	2481.95774529376	167_2570_1
11	Spectrogram 1	1	2570.5105039905	2571.05809558804	746.503200679804	2399.31705269309	167_2570_2
12	Spectrogram 1	1	2571.29530063502	2571.86619408676	680.390646599272	2200.9793904515	167_2570_3
13	Spectrogram 1	1	2572.28303205951	2572.86265088777	548.165538438209	2300.14822157229	167_2570_4
14	Spectrogram 1	1	2573.13288415414	2573.80313754143	647.334369559006	2333.20449861256	167_2570_5
15	Spectrogram 1	1	2574.15663283984	2574.7961607989	713.446923639538	2316.67636009243	167_2570_6
16	Spectrogram 1	1	2575.02877754356	2575.61518677375	663.862508079139	2316.67636009243	167_2575_1
17	Spectrogram 1	1	2575.98090389295	2576.60747154307	581.221815478475	2366.26077565283	167_2575_2
18	Spectrogram 1	1	2576.87010406164	2577.39305247064	531.637399918076	2250.5638060119	167_2575_3
19	Spectrogram 1	1	2664.72143878799	2665.39561535132	614.278092518741	2597.65471493469	167_2660_1
20	Spectrogram 1	1	2665.81333351668	2666.49905016025	663.862508079139	2680.29540753535	167_2665_1
21	Spectrogram 1	1	2666.90077055178	2667.62828009083	531.637399918076	2614.18285345482	167_2665_2
22	Spectrogram 1	1	2716.52420121397	2717.27015169452	531.637399918076	2944.74562385748	167_2715_1
23	Spectrogram 1	1	2717.53801003414	2718.2454191223	482.052984357678	2829.04865421655	167_2715_2
24	Spectrogram 1	1	2718.68690403084	2719.412044141	531.637399918076	2779.46423865615	167_2715_3
25	Spectrogram 1	1	2993.58288835138	2994.37304194521	663.862508079139	3357.9490868608	167_2990_1
26	Spectrogram 1	1	2994.59048381944	2995.13401021513	597.749953998608	3209.1958401796	167_2990_2
27	Spectrogram 1	1	2995.51490969978	2995.92065423022	581.221815478475	3258.78025574	167_2995_1
28	Spectrogram 1	1	2997.72764871628	2998.35728636445	696.918785119405	3407.5335024212	167_2995_2
29	Spectrogram 1	1	2998.78421755661	2999.33869076912	663.862508079139	3110.02700905881	167_2995_3
30	Spectrogram 1	1	2999.9342408535	3000.5937682513	548.165538438209	2498.48588381389	167_3000_1
31	Spectrogram 1	1	3001.12577107701	3001.75233872714	614.278092518741	2300.14822157229	167_3000_2
32	Spectrogram 1	1	3002.31825655507	3002.96421638069	614.278092518741	2564.59843789442	167_3000_3
33	Spectrogram 1	1	3003.59243223724	3004.14607193061	548.165538438209	3258.78025574	167_3000_4
34	Spectrogram 1	1	3004.92231134794	3005.50167512092	597.749953998608	2448.90146825349	167_3005_1
35	Spectrogram 1	1	3005.94343466146	3006.41931274178	696.918785119405	2448.90146825349	167_3005_2
36	Spectrogram 1	1	3020.12269223398	3020.7132599432	614.278092518741	2399.31705269309	167_3020_1
37	Spectrogram 1	1	3021.023942312	3021.5775458119	581.221815478475	2448.90146825349	167_3020_2
38	Spectrogram 1	1	3022.02730468706	3022.6660696921	614.278092518741	2448.90146825349	167_3020_3
39	Spectrogram 1	1	3023.18581591757	3023.7267850248	564.693676958342	2498.48588381389	167_3020_4
40	Spectrogram 1	1	3024.39977307935	3024.95267704038	581.221815478475	2432.37332973336	167_3020_5
41	Spectrogram 1	1	3025.37518243332	3025.81438160372	581.221815478475	2515.01402233402	167_3025_1
42	Spectrogram 1	1	3028.525668048	3029.12248340909	415.940430277146	2548.07029937429	167_3025_2
43	Spectrogram 1	1	3029.4824213189	3029.99685552974	531.637399918076	2581.12657641455	167_3025_3
44	Spectrogram 1	1	3030.69075380252	3031.2780705757	564.693676958342	2399.31705269309	167_3030_1
45	Spectrogram 1	1	3033.03978592205	3033.62376743856	498.58112287781	2548.07029937429	167_3030_2
46	Spectrogram 1	1	3034.55312771796	3035.1534154038	581.221815478475	2465.42960677362	167_3030_3
47	Spectrogram 1	1	3042.38494702913	3042.96576886187	515.109261397944	2548.07029937429	167_3040_1
48	Spectrogram 1	1	3043.36043614701	3043.9373176164	564.693676958342	2481.95774529376	167_3040_2
49	Spectrogram 1	1	3044.31487352959	3044.77486097248	581.221815478475	2498.48588381389	167_3040_3
50	Spectrogram 1	1	3355.47412263215	3356.15043660126	647.334369559006	2614.18285345482	167_3355_1
51	Spectrogram 1	1	3356.48877896832	3357.18382064241	630.806231038874	2614.18285345482	167_3355_2
52	Spectrogram 1	1	3357.7928027674	3358.4312035634	597.749953998608	2581.12657641455	167_3355_3
53	Spectrogram 1	1	3359.04591370875	3359.65816469024	597.749953998608	2630.71099197495	167_3355_4
54	Spectrogram 1	1	3360.59106761114	3361.22708918283	663.862508079139	2548.07029937429	167_3360_1
55	Spectrogram 1	1	3386.58016858136	3387.1447843275	581.221815478475	2465.42960677362	167_3385_1
56	Spectrogram 1	1	3387.59017628558	3388.19812950161	663.862508079139	2564.59843789442	167_3385_2
57	Spectrogram 1	1	3388.560810005	3389.15245041573	614.278092518741	2614.18285345482	167_3385_3
58	Spectrogram 1	1	3389.97338088365	3390.53563252	581.221815478475	2415.84519121323	167_3390_1
59	Spectrogram 1	1	3391.53419538571	3392.02530319178	630.806231038874	2382.78891417296	167_3390_2
60	Spectrogram 1	1	3407.51646236402	3408.14816751172	680.390646599272	2333.20449861256	167_3405_1
61	Spectrogram 1	1	3408.7543929221	3409.38098647208	614.278092518741	2349.73263713269	167_3405_2
62	Spectrogram 1	1	3411.34390282514	3411.96490489353	597.749953998608	2531.54216085416	167_3410_1
63	Spectrogram 1	1	3412.59560839762	3413.27264927225	581.221815478475	2498.48588381389	167_3410_2
64	Spectrogram 1	1	3413.73405541839	3414.35949822095	614.278092518741	2382.78891417296	167_3410_3
65	Spectrogram 1	1	3433.37769448687	3434.11182964325	630.806231038874	2498.48588381389	167_3430_1
66	Spectrogram 1	1	3434.49268556634	3435.16781756719	597.749953998608	2531.54216085416	167_3430_2
67	Spectrogram 1	1	3435.61611579617	3436.17849376098	581.221815478475	2564.59843789442	167_3435_1
68	Spectrogram 1	1	3451.31646244432	3451.85883441075	663.862508079139	2366.26077565283	167_3450_1
69	Spectrogram 1	1	3452.43550051374	3453.06579176463	597.749953998608	2564.59843789442	167_3450_2
70	Spectrogram 1	1	3453.53615412808	3454.12398439319	597.749953998608	2515.01402233402	167_3450_3
71	Spectrogram 1	1	3467.53994329837	3468.10101915871	630.806231038874	2382.78891417296	167_3465_1
72	Spectrogram 1	1	3468.66091490844	3469.26222322819	647.334369559006	2382.78891417296	167_3465_2
73	Spectrogram 1	1	3472.7909369812	3473.46108302898	614.278092518741	2399.31705269309	167_3470_1
74	Spectrogram 1	1	3473.89116046687	3474.5331353978	581.221815478475	2415.84519121323	167_3470_2
75	Spectrogram 1	1	3475.00218360992	3475.66102842545	614.278092518741	2432.37332973336	167_3475_1
76	Spectrogram 1	1	3476.16817953876	3476.81461948911	564.693676958342	2333.20449861256	167_3475_2
77	Spectrogram 1	1	3572.29141932517	3572.95099773998	647.334369559006	2548.07029937429	167_3570_1
78	Spectrogram 1	1	3573.47503521082	3574.09828092166	614.278092518741	2597.65471493469	167_3570_2
79	Spectrogram 1	1	3574.7049819914	3575.36041276322	630.806231038874	2382.78891417296	167_3570_3
80	Spectrogram 1	1	3575.86156488879	3576.45188932952	531.637399918076	2399.31705269309	167_3575_1
81	Spectrogram 1	1	3586.57939561378	3587.22684791527	564.693676958342	2399.31705269309	167_3585_1
82	Spectrogram 1	1	3587.80282344574	3588.42063974105	630.806231038874	2531.54216085416	167_3585_2
83	Spectrogram 1	1	3589.95526101913	3590.41643605594	630.806231038874	2614.18285345482	167_3590_1
84	Spectrogram 1	1	3591.66831436433	3592.38903388229	548.165538438209	2333.20449861256	167_3590_2
85	Spectrogram 1	1	3597.6088973206	3598.15495283692	531.637399918076	2399.31705269309	167_3595_1
86	Spectrogram 1	1	3598.74558904699	3599.28269142405	630.806231038874	2498.48588381389	167_3595_2
87	Spectrogram 1	1	3599.96574783534	3600.40756692788	597.749953998608	2465.42960677362	167_3600_1
88	Spectrogram 1	1	3601.44049418334	3601.99154324112	548.165538438209	2399.31705269309	167_3600_2
89	Spectrogram 1	1	3602.56810990499	3603.10166549156	597.749953998608	2366.26077565283	167_3600_3
90	Spectrogram 1	1	3603.5706699513	3603.98541737028	696.918785119405	2415.84519121323	167_3600_4
91	Spectrogram 1	1	3605.85812230189	3606.43174221769	515.109261397944	2399.31705269309	167_3605_1
92	Spectrogram 1	1	3606.95342081933	3607.47526420221	663.862508079139	2234.03566749176	167_3605_2
93	Spectrogram 1	1	3674.030943508	3674.66739564397	729.975062159671	2548.07029937429	167_3670_1
94	Spectrogram 1	1	3675.10902769754	3675.73002976594	663.862508079139	2498.48588381389	167_3675_1
95	Spectrogram 1	1	3843.82911755688	3844.18940664751	663.862508079139	3457.1179179816	167_3840_1
96	Spectrogram 1	1	3844.38002999205	3844.73937313874	564.693676958342	3424.06164094133	167_3840_2
97	Spectrogram 1	1	3844.94889699812	3845.28903180867	680.390646599272	3457.1179179816	167_3845_1
98	Spectrogram 1	1	3845.52016229137	3845.89401209854	663.862508079139	3457.1179179816	167_3845_2
99	Spectrogram 1	1	3846.09142873067	3846.49351239068	680.390646599272	3523.23047206213	167_3845_3
100	Spectrogram 1	1	3846.72395149759	3847.14530231573	663.862508079139	3523.23047206213	167_3845_4
101	Spectrogram 1	1	4519.20445164964	4519.45909218091	597.749953998608	3258.78025574	167_4515_1
102	Spectrogram 1	1	4519.58192396711	4519.86216771385	548.165538438209	3126.55514757894	167_4515_2
103	Spectrogram 1	1	4519.97826693964	4520.24509716261	531.637399918076	3176.13956313934	167_4520_1
104	Spectrogram 1	1	4520.380312829	4520.6760031774	548.165538438209	3192.66770165947	167_4520_2
105	Spectrogram 1	1	4520.80607876079	4521.09214938468	564.693676958342	3159.6114246192	167_4520_3
106	Spectrogram 1	1	4521.2215837003	4521.52480514858	515.109261397944	3143.08328609907	167_4520_4
107	Spectrogram 1	1	4521.64773701961	4521.93886050663	647.334369559006	3176.13956313934	167_4520_5
108	Spectrogram 1	1	4522.10209448661	4522.37476738447	663.862508079139	3110.02700905881	167_4520_6
109	Spectrogram 1	1	4522.54470560059	4522.82652749712	647.334369559006	3093.49887053867	167_4520_7
110	Spectrogram 1	1	4523.01033521053	4523.26708087392	548.165538438209	3043.91445497827	167_4520_8
111	Spectrogram 1	1	4523.44635959397	4523.71602307701	531.637399918076	3126.55514757894	167_4520_9
112	Spectrogram 1	1	6584.66461125455	6584.9078873451	515.109261397944	2746.40796161588	167_6580_1
113	Spectrogram 1	1	6585.16440934515	6585.41371797052	564.693676958342	2663.76726901522	167_6585_1
114	Spectrogram 1	1	6585.63951247747	6585.86727696732	597.749953998608	2746.40796161588	167_6585_2
115	Spectrogram 1	1	6586.12250167033	6586.35180771904	663.862508079139	2614.18285345482	167_6585_3
116	Spectrogram 1	1	6586.62481888203	6586.95104168316	746.503200679804	2630.71099197495	167_6585_4
117	Spectrogram 1	1	6587.13546828665	6587.39886387929	663.862508079139	2713.35168457562	167_6585_5
118	Spectrogram 1	1	6587.66761362695	6587.94131311057	614.278092518741	2663.76726901522	167_6585_6
119	Spectrogram 1	1	6699.93593534282	6700.29156268724	663.862508079139	3605.87116466279	167_6700_1
120	Spectrogram 1	1	6700.46956293143	6700.85518496096	696.918785119405	3490.17419502186	167_6700_2
121	Spectrogram 1	1	6701.02222080645	6701.39824289113	680.390646599272	3424.06164094133	167_6700_3
122	Spectrogram 1	1	6701.56469233392	6701.92956748198	713.446923639538	3572.81488762253	167_6700_4
123	Spectrogram 1	1	6702.13688464705	6702.49587424695	680.390646599272	3490.17419502186	167_6700_5
124	Spectrogram 1	1	6702.7165170085	6703.10368602979	663.862508079139	3440.58977946146	167_6700_6
