Selection	View	Channel	Begin Time (s)	End Time (s)	Low Freq (Hz)	High Freq (Hz)	Annotation
1	Spectrogram 1	1	810.450879114649	810.711174016515	0.534163726445688	3.62988532289229	1121.0
2	Spectrogram 1	1	810.829959986554	811.089960301715	0.392529405039635	3.75128616981177	1122.0
3	Spectrogram 1	1	811.225207566379	811.49022492246	0.594864149905426	3.81198659327151	1123.0
4	Spectrogram 1	1	811.625937379475	811.892955765891	0.392529405039635	3.79175311878493	1124.0
5	Spectrogram 1	1	812.033048586755	812.307015288777	0.473463302985951	3.77151964429835	1125.0
6	Spectrogram 1	1	812.457836633182	812.722363049134	0.49369677747253	3.73105269532519	1126.0
7	Spectrogram 1	1	812.896229719546	813.171508752244	0.473463302985951	3.79175311878493	1127.0
8	Spectrogram 1	1	813.321278323508	813.60406635951	0.432996354012793	3.83222006775809	1128.0
9	Spectrogram 1	1	1093.49917339586	1093.88014967458	614.278092518741	3556.28674910239	168_1090_1
10	Spectrogram 1	1	1094.05478364947	1094.42956718563	597.749953998608	3605.87116466279	168_1090_2
11	Spectrogram 1	1	1094.58714413673	1094.96663418764	630.806231038874	3622.39930318293	168_1090_3
12	Spectrogram 1	1	1095.1227685466	1095.47343589572	696.918785119405	3457.1179179816	168_1095_1
13	Spectrogram 1	1	1095.71244861798	1096.09318571956	630.806231038874	3523.23047206213	168_1095_2
14	Spectrogram 1	1	2455.81947245204	2456.01132905425	630.806231038874	3424.06164094133	168_2455_1
15	Spectrogram 1	1	2456.14934518272	2456.47579455384	630.806231038874	2250.5638060119	168_2455_2
16	Spectrogram 1	1	2456.63460237394	2456.97061108163	647.334369559006	2167.92311341123	168_2455_3
17	Spectrogram 1	1	2457.13573689708	2457.46040227188	597.749953998608	2234.03566749176	168_2455_4
18	Spectrogram 1	1	2457.64483893902	2457.9776926063	564.693676958342	2267.09194453203	168_2455_5
19	Spectrogram 1	1	2458.16283199712	2458.52223959392	581.221815478475	2217.50752897163	168_2455_6
20	Spectrogram 1	1	2458.67264274369	2458.99953495665	630.806231038874	2250.5638060119	168_2455_7
21	Spectrogram 1	1	2518.76197887799	2518.96298419465	663.862508079139	3308.3646713004	168_2515_1
22	Spectrogram 1	1	2519.09430702366	2519.42856478819	663.862508079139	2382.78891417296	168_2515_2
23	Spectrogram 1	1	2519.58219070005	2519.89983416395	663.862508079139	2349.73263713269	168_2515_3
24	Spectrogram 1	1	2520.10202072477	2520.46009844779	630.806231038874	2217.50752897163	168_2520_1
25	Spectrogram 1	1	2520.61665447753	2520.95343188964	581.221815478475	2333.20449861256	168_2520_2
26	Spectrogram 1	1	2521.12258695045	2521.46776220718	597.749953998608	2349.73263713269	168_2520_3
27	Spectrogram 1	1	2521.64783626451	2522.00934915709	680.390646599272	2283.62008305216	168_2520_4
28	Spectrogram 1	1	2652.82341640307	2653.04352132035	597.749953998608	2382.78891417296	168_2650_1
29	Spectrogram 1	1	2653.16538697009	2653.52101431451	581.221815478475	2316.67636009243	168_2650_2
30	Spectrogram 1	1	2653.6774851403	2654.0165150157	597.749953998608	2283.62008305216	168_2650_3
31	Spectrogram 1	1	2654.20500743885	2654.54960807953	647.334369559006	2250.5638060119	168_2650_4
32	Spectrogram 1	1	2654.73136244314	2655.06145774227	564.693676958342	2300.14822157229	168_2650_5
33	Spectrogram 1	1	2655.25284797898	2655.59562385154	581.221815478475	2200.9793904515	168_2655_1
34	Spectrogram 1	1	3076.36739751286	3076.81717404325	482.052984357678	2151.3949748911	168_3075_1
35	Spectrogram 1	1	3077.2133947622	3077.68141307611	531.637399918076	2118.33869785083	168_3075_2
36	Spectrogram 1	1	3078.12394621151	3078.60802371269	597.749953998608	2101.8105593307	168_3075_3
37	Spectrogram 1	1	3103.50498242022	3104.15469196382	597.749953998608	2267.09194453203	168_3100_1
38	Spectrogram 1	1	3104.57882007916	3105.26545147908	597.749953998608	2134.86683637097	168_3100_2
39	Spectrogram 1	1	3105.79261742341	3106.4861209462	581.221815478475	2630.71099197495	168_3105_1
40	Spectrogram 1	1	3119.90526493956	3120.4961861963	548.165538438209	2812.52051569641	168_3115_1
41	Spectrogram 1	1	3120.94014350284	3121.69983945838	515.109261397944	2862.10493125681	168_3120_1
42	Spectrogram 1	1	3158.81904296356	3159.02911496815	647.334369559006	2217.50752897163	168_3155_1
43	Spectrogram 1	1	3159.17887156773	3159.44711343797	614.278092518741	2333.20449861256	168_3155_2
44	Spectrogram 1	1	3159.67629020848	3160.00212590176	548.165538438209	2283.62008305216	168_3155_3
45	Spectrogram 1	1	3160.18671380799	3160.55316146641	548.165538438209	2300.14822157229	168_3160_1
46	Spectrogram 1	1	3160.72640238273	3161.10366301592	597.749953998608	2250.5638060119	168_3160_2
47	Spectrogram 1	1	3196.93281939277	3197.19439407527	663.862508079139	2415.84519121323	168_3195_1
48	Spectrogram 1	1	3197.47113773931	3197.6534453975	614.278092518741	2465.42960677362	168_3195_2
49	Spectrogram 1	1	3198.02074423201	3198.2236199375	465.524845837545	2415.84519121323	168_3195_3
50	Spectrogram 1	1	3198.4492144888	3198.71489983499	432.468568797279	2481.95774529376	168_3195_4
51	Spectrogram 1	1	3199.08166754929	3199.26295409745	448.996707317412	2481.95774529376	168_3195_5
52	Spectrogram 1	1	3205.65205344806	3205.89821777261	399.412291757013	2465.42960677362	168_3205_1
53	Spectrogram 1	1	3206.1831520353	3206.41461912304	515.109261397944	2647.23913049509	168_3205_2
54	Spectrogram 1	1	3206.77688712038	3207.03065613016	531.637399918076	2564.59843789442	168_3205_3
55	Spectrogram 1	1	3210.58111832299	3210.78902604328	515.109261397944	2432.37332973336	168_3210_1
56	Spectrogram 1	1	4458.03156715755	4458.4114675455	597.749953998608	2531.54216085416	168_4455_1
57	Spectrogram 1	1	4458.83228230462	4459.22328242405	630.806231038874	2448.90146825349	168_4455_2
58	Spectrogram 1	1	4459.5959838102	4459.96130980075	630.806231038874	2432.37332973336	168_4455_3
59	Spectrogram 1	1	4460.40380956193	4460.79837120401	548.165538438209	2250.5638060119	168_4460_1
60	Spectrogram 1	1	4461.24756733068	4461.65092307599	663.862508079139	2283.62008305216	168_4460_2
61	Spectrogram 1	1	4522.95961783683	4523.31737739037	597.749953998608	2333.20449861256	168_4520_1
62	Spectrogram 1	1	4523.82206524267	4524.19227744703	581.221815478475	2349.73263713269	168_4520_2
63	Spectrogram 1	1	4524.65969834894	4525.01596232276	581.221815478475	2382.78891417296	168_4520_3
64	Spectrogram 1	1	5559.14586103846	5559.50180563327	564.693676958342	2283.62008305216	168_5555_1
65	Spectrogram 1	1	5559.98506346239	5560.34804194263	614.278092518741	2382.78891417296	168_5560_1
66	Spectrogram 1	1	6138.76792900645	6138.98936785978	696.918785119405	2498.48588381389	168_6135_1
67	Spectrogram 1	1	6139.11121425476	6139.43937038196	630.806231038874	2349.73263713269	168_6135_2
68	Spectrogram 1	1	6139.59149998186	6139.90766157703	696.918785119405	2283.62008305216	168_6135_3
69	Spectrogram 1	1	6140.07380736877	6140.41381566783	614.278092518741	2349.73263713269	168_6140_1
70	Spectrogram 1	1	6140.59674109673	6140.94530775127	581.221815478475	2366.26077565283	168_6140_2
71	Spectrogram 1	1	6141.11246890341	6141.41764354329	614.278092518741	2267.09194453203	168_6140_3
72	Spectrogram 1	1	6260.37262254117	6261.13497273059	564.693676958342	3027.38631645814	168_6260_1
73	Spectrogram 1	1	6261.63730823031	6262.39279452135	482.052984357678	2928.21748533734	168_6260_2
