Selection	View	Channel	Begin Time (s)	End Time (s)	Low Freq (Hz)	High Freq (Hz)	Annotation
1	Spectrogram 1	1	10315.5134240279	10316.4661512095	0.73649847131148	2.86101329240229	1605.0
2	Spectrogram 1	1	10319.986568344	10320.6781319914	0.615097624392005	3.5287179504594	1606.0
3	Spectrogram 1	1	10486.4318585326	10486.8656429907	0.797198894771217	2.25400905780491	1607.0
4	Spectrogram 1	1	10488.0874362269	10488.5418254467	0.675798047851742	2.09214126191228	1608.0
5	Spectrogram 1	1	12210.8406500141	12211.3160012267	0.635331098878584	3.26568278213387	1609.0
6	Spectrogram 1	1	12211.866522754	12212.3470653159	0.594864149905426	3.20498235867413	1610.0
7	Spectrogram 1	1	12229.4924688688	12229.8467593139	0.372295930553055	0.857899318230954	1611.0
8	Spectrogram 1	1	12259.0726756406	12259.5478895562	0.432996354012793	3.30614973110703	1612.0
9	Spectrogram 1	1	12320.7897927656	12321.1126595191	0.635331098878584	1.97074041499281	1613.0
