Selection	View	Channel	Begin Time (s)	End Time (s)	Low Freq (Hz)	High Freq (Hz)	Annotation
1	Spectrogram 1	1	1278.82564839476	1279.22389729222	184.546490995286	2316.67636009243	32_1275_1
2	Spectrogram 1	1	3063.61916170883	3064.05340983918	465.524845837545	2911.68934681721	32_3060_1
3	Spectrogram 1	1	3064.47932282238	3064.92769172026	465.524845837545	3027.38631645814	32_3060_2
4	Spectrogram 1	1	3910.69001052393	3910.92346677417	300.243460636216	2250.5638060119	32_3910_1
5	Spectrogram 1	1	3912.16856677543	3912.50272964342	151.49021395502	1738.19151188778	32_3910_2
6	Spectrogram 1	1	3912.59684611477	3912.87710375752	250.659045075817	2597.65471493469	32_3910_3
7	Spectrogram 1	1	3913.03714631369	3913.39619182336	333.299737676482	3176.13956313934	32_3910_4
8	Spectrogram 1	1	3913.49606310031	3913.78445023295	283.715322116083	2432.37332973336	32_3910_5
9	Spectrogram 1	1	3914.45277596892	3914.83729214578	201.074629515419	1903.47289708911	32_3910_6
10	Spectrogram 1	1	3915.54015780684	3915.80469827626	250.659045075817	2382.78891417296	32_3915_1
11	Spectrogram 1	1	3916.15569633561	3916.43761962738	184.546490995286	2382.78891417296	32_3915_2
12	Spectrogram 1	1	3917.15419866339	3917.48486828697	201.074629515419	2283.62008305216	32_3915_3
13	Spectrogram 1	1	3918.98070633568	3919.34981076243	234.130906555684	2316.67636009243	32_3915_4
14	Spectrogram 1	1	3920.30540071094	3920.56585996328	234.130906555684	2316.67636009243	32_3920_1
15	Spectrogram 1	1	3921.51981211045	3921.84770738791	250.659045075817	2432.37332973336	32_3920_2
16	Spectrogram 1	1	3922.87359283456	3923.14843719496	151.49021395502	2481.95774529376	32_3920_3
17	Spectrogram 1	1	5819.19416083741	5819.49107848721	151.49021395502	2052.2261437703	32_5815_1
18	Spectrogram 1	1	6799.85053453903	6799.93782242695	201.074629515419	2217.50752897163	32_6800_1
19	Spectrogram 1	1	6800.40620096482	6800.70832081807	201.074629515419	2267.09194453203	32_6800_2
20	Spectrogram 1	1	6805.9143116271	6806.15234545087	118.433936914754	2052.2261437703	32_6805_1
21	Spectrogram 1	1	6810.71667759875	6811.03419070549	151.49021395502	2052.2261437703	32_6810_1
22	Spectrogram 1	1	6811.31635195424	6811.55809868071	168.018352475153	2052.2261437703	32_6810_2
23	Spectrogram 1	1	6812.01734218756	6812.32796374057	134.962075434887	2267.09194453203	32_6810_3
24	Spectrogram 1	1	6812.66839604674	6812.94289228077	184.546490995286	2250.5638060119	32_6810_4
25	Spectrogram 1	1	6817.87351309967	6818.09781420284	134.962075434887	2217.50752897163	32_6815_1
26	Spectrogram 1	1	6819.26967302756	6819.36122449824	151.49021395502	2134.86683637097	32_6815_2
27	Spectrogram 1	1	6819.73195505585	6819.9790914611	134.962075434887	2200.9793904515	32_6815_3
28	Spectrogram 1	1	6820.79138696575	6821.0828192434	234.130906555684	2267.09194453203	32_6820_1
29	Spectrogram 1	1	6821.43593101055	6821.66525979127	134.962075434887	2118.33869785083	32_6820_2
30	Spectrogram 1	1	6836.35466163245	6836.51221486213	184.546490995286	2085.28242081057	32_6835_1
31	Spectrogram 1	1	6836.88185457104	6837.098007791	151.49021395502	1903.47289708911	32_6835_2
32	Spectrogram 1	1	6837.73618589365	6837.88724582028	234.130906555684	2101.8105593307	32_6835_3
33	Spectrogram 1	1	6838.38162376195	6838.656278174	168.018352475153	2217.50752897163	32_6835_4
34	Spectrogram 1	1	6839.37172932886	6839.48449237899	134.962075434887	2217.50752897163	32_6835_5
35	Spectrogram 1	1	6840.01759188531	6840.19449972673	118.433936914754	2019.16986673004	32_6840_1
36	Spectrogram 1	1	6844.58969675008	6844.87189600129	101.905798394621	1886.94475856897	32_6840_2
37	Spectrogram 1	1	6845.31147764386	6845.54963530821	134.962075434887	2234.03566749176	32_6845_1
38	Spectrogram 1	1	6847.33335942266	6847.43406604041	134.962075434887	2432.37332973336	32_6845_2
39	Spectrogram 1	1	6851.93289277225	6852.21575127008	217.602768035552	2300.14822157229	32_6850_1
40	Spectrogram 1	1	6855.65265484472	6855.76777186544	151.49021395502	2515.01402233402	32_6855_1
41	Spectrogram 1	1	6856.12362287409	6856.38281053211	184.546490995286	2432.37332973336	32_6855_2
42	Spectrogram 1	1	6856.5976651131	6856.76256934334	168.018352475153	2250.5638060119	32_6855_3
43	Spectrogram 1	1	6857.00981234709	6857.15549102443	201.074629515419	2829.04865421655	32_6855_4
44	Spectrogram 1	1	7044.97768712417	7045.18307600254	696.918785119405	2217.50752897163	32_7045_1
45	Spectrogram 1	1	7045.48863078583	7045.73591899543	647.334369559006	2333.20449861256	32_7045_2
46	Spectrogram 1	1	7047.38690561474	7047.59043244075	680.390646599272	2399.31705269309	32_7045_3
47	Spectrogram 1	1	7047.84172431299	7048.03037117392	696.918785119405	2581.12657641455	32_7045_4
48	Spectrogram 1	1	7048.3441643371	7048.56621040731	630.806231038874	2713.35168457562	32_7045_5
49	Spectrogram 1	1	7050.33611279964	7050.40412562916	630.806231038874	2729.87982309575	32_7050_1
50	Spectrogram 1	1	7050.69681339639	7050.97631084613	647.334369559006	2267.09194453203	32_7050_2
51	Spectrogram 1	1	7051.16607817147	7051.44988773058	663.862508079139	2300.14822157229	32_7050_3
52	Spectrogram 1	1	7051.67797178438	7051.96170870995	663.862508079139	2713.35168457562	32_7050_4
53	Spectrogram 1	1	9075.28064500733	9075.57371672617	366.356014716747	1969.58545116964	32_9075_1
54	Spectrogram 1	1	9075.78624026491	9075.86959233014	465.524845837545	2184.45125193136	32_9075_2
55	Spectrogram 1	1	9812.52561751109	9812.86435795261	234.130906555684	2019.16986673004	32_9810_1
56	Spectrogram 1	1	10589.8213580737	10589.9234052967	168.018352475153	2349.73263713269	32_10590_1
57	Spectrogram 1	1	10590.6121917739	10590.8776910388	184.546490995286	2349.73263713269	32_10590_2
58	Spectrogram 1	1	10591.2850950834	10591.6055252307	184.546490995286	2316.67636009243	32_10590_3
59	Spectrogram 1	1	10634.1097508571	10634.4451561497	201.074629515419	2151.3949748911	32_10630_1
60	Spectrogram 1	1	10634.8064212406	10634.8904122646	234.130906555684	2333.20449861256	32_10635_1
61	Spectrogram 1	1	10635.6143280878	10635.9496447018	151.49021395502	2415.84519121323	32_10635_2
62	Spectrogram 1	1	12370.0075326203	12370.4019872792	316.771599156349	2432.37332973336	32_12370_1
63	Spectrogram 1	1	12371.1161753813	12371.457514741	217.602768035552	2382.78891417296	32_12370_2
64	Spectrogram 1	1	12372.7087204524	12373.0657711881	349.827876196615	2531.54216085416	32_12370_3
65	Spectrogram 1	1	12374.7627450194	12374.9948755307	300.243460636216	2680.29540753535	32_12370_4
66	Spectrogram 1	1	12379.9899873584	12380.398431445	201.074629515419	2581.12657641455	32_12380_1
67	Spectrogram 1	1	12380.6889066802	12381.1962447035	250.659045075817	2515.01402233402	32_12380_2
68	Spectrogram 1	1	12381.4224222894	12381.710809422	382.88415323688	2316.67636009243	32_12380_3
69	Spectrogram 1	1	12382.7694981154	12383.2115332982	201.074629515419	2564.59843789442	32_12380_4
70	Spectrogram 1	1	12386.9442656723	12387.3058939815	316.771599156349	2283.62008305216	32_12385_1
71	Spectrogram 1	1	12389.1506561157	12389.6541892044	300.243460636216	2432.37332973336	32_12385_2
72	Spectrogram 1	1	12389.9538084066	12390.3012956417	300.243460636216	2432.37332973336	32_12390_1
73	Spectrogram 1	1	12390.6213469209	12391.0562164067	283.715322116083	2498.48588381389	32_12390_2
74	Spectrogram 1	1	12391.8252487604	12392.1639892019	349.827876196615	2267.09194453203	32_12390_3
75	Spectrogram 1	1	12395.3375373618	12395.7403638328	217.602768035552	2515.01402233402	32_12395_1
76	Spectrogram 1	1	12396.0855551688	12396.4940118496	201.074629515419	2465.42960677362	32_12395_2
77	Spectrogram 1	1	12398.1298572176	12398.5418388356	283.715322116083	2399.31705269309	32_12395_3
78	Spectrogram 1	1	12399.1139544164	12399.4495321364	382.88415323688	2432.37332973336	32_12395_4
79	Spectrogram 1	1	12399.7749840151	12400.0468932901	151.49021395502	2250.5638060119	32_12395_5
80	Spectrogram 1	1	12403.8576914095	12404.1552336892	316.771599156349	2432.37332973336	32_12400_1
81	Spectrogram 1	1	12404.8536450232	12405.2595051291	250.659045075817	2515.01402233402	32_12405_1
82	Spectrogram 1	1	12406.3446035393	12406.6924991279	333.299737676482	2234.03566749176	32_12405_2
83	Spectrogram 1	1	12406.842326646	12407.186075104	316.771599156349	2548.07029937429	32_12405_3
84	Spectrogram 1	1	12415.9617831129	12416.1920238189	234.130906555684	2448.90146825349	32_12415_2
85	Spectrogram 1	1	12416.8107291762	12417.1096475444	234.130906555684	2465.42960677362	32_12415_1
86	Spectrogram 1	1	12417.5339144914	12417.9551873516	217.602768035552	2630.71099197495	32_12415_3
87	Spectrogram 1	1	12419.2705873875	12419.6777593888	184.546490995286	2581.12657641455	32_12415_4
88	Spectrogram 1	1	16716.9534208193	16717.4981520699	184.546490995286	2101.8105593307	32_16715_1
89	Spectrogram 1	1	16718.5052182474	16718.8073381006	267.18718359595	2118.33869785083	32_16715_2
