Selection	View	Channel	Begin Time (s)	End Time (s)	Low Freq (Hz)	High Freq (Hz)	Annotation
1	Spectrogram 1	1	596.629623100999	597.464554658753	548.165538438209	2548.07029937429	43_595_1
2	Spectrogram 1	1	597.878397947506	598.81139330229	531.637399918076	2614.18285345482	43_595_2
3	Spectrogram 1	1	607.268390345778	607.781573327472	597.749953998608	2564.59843789442	43_605_1
4	Spectrogram 1	1	608.307151372283	608.763639988358	663.862508079139	2498.48588381389	43_605_2
5	Spectrogram 1	1	1663.65856602136	1664.2368901395	531.637399918076	2515.01402233402	43_1660_1
6	Spectrogram 1	1	1664.73579866442	1665.31442314983	531.637399918076	2614.18285345482	43_1660_2
7	Spectrogram 1	1	1665.87628424658	1666.45564801955	531.637399918076	2779.46423865615	43_1665_1
8	Spectrogram 1	1	1677.33748488999	1677.90406794546	614.278092518741	2481.95774529376	43_1675_1
9	Spectrogram 1	1	1678.45818406923	1679.06306675353	564.693676958342	2762.93610013602	43_1675_2
10	Spectrogram 1	1	2094.33502675347	2094.65671537351	647.334369559006	3391.00536390107	43_2090_1
11	Spectrogram 1	1	2137.34709232765	2137.98432942678	597.749953998608	2250.5638060119	43_2135_1
12	Spectrogram 1	1	2138.41877533453	2139.15204688365	564.693676958342	2283.62008305216	43_2135_2
13	Spectrogram 1	1	2139.55205876206	2140.26501636928	531.637399918076	2134.86683637097	43_2135_3
14	Spectrogram 1	1	2185.30040480015	2185.65138055296	696.918785119405	3457.1179179816	43_2185_1
15	Spectrogram 1	1	2191.42110576771	2191.8093251733	581.221815478475	3176.13956313934	43_2190_1
16	Spectrogram 1	1	2194.78130015054	2195.074412632	729.975062159671	2812.52051569641	43_2190_2
17	Spectrogram 1	1	2205.38322524085	2205.73856967614	713.446923639538	3424.06164094133	43_2205_1
18	Spectrogram 1	1	2217.11701722454	2217.36483706568	729.975062159671	2977.80190089774	43_2215_1
19	Spectrogram 1	1	2217.57500102297	2217.8067817788	763.031339199937	2762.93610013602	43_2215_2
20	Spectrogram 1	1	2218.04639978114	2218.25237418781	729.975062159671	3010.85817793801	43_2215_3
21	Spectrogram 1	1	2218.52526402557	2218.69593633323	680.390646599272	2845.57679273668	43_2215_4
22	Spectrogram 1	1	2219.01574235675	2219.23605594029	746.503200679804	2746.40796161588	43_2215_5
23	Spectrogram 1	1	2234.14412139658	2234.474619814	713.446923639538	3655.45558022319	43_2230_1
24	Spectrogram 1	1	2236.86530465252	2237.2483675603	630.806231038874	3655.45558022319	43_2235_1
25	Spectrogram 1	1	2242.6996954741	2243.10173132759	663.862508079139	3572.81488762253	43_2240_1
26	Spectrogram 1	1	2252.59594930772	2252.86429901927	581.221815478475	2432.37332973336	43_2250_1
27	Spectrogram 1	1	2260.28570671945	2260.62102333343	630.806231038874	2647.23913049509	43_2260_1
28	Spectrogram 1	1	2263.97407077473	2264.31037822091	729.975062159671	2663.76726901522	43_2260_2
29	Spectrogram 1	1	2283.88448130054	2284.57272124633	630.806231038874	2333.20449861256	43_2280_1
30	Spectrogram 1	1	2284.94599274674	2285.62834966252	515.109261397944	2234.03566749176	43_2280_2
31	Spectrogram 1	1	2285.9546943043	2286.52226776694	713.446923639538	2481.95774529376	43_2285_1
32	Spectrogram 1	1	2296.8053278899	2297.34909036121	630.806231038874	2382.78891417296	43_2295_1
33	Spectrogram 1	1	2297.69711907638	2298.17704239628	696.918785119405	2316.67636009243	43_2295_2
34	Spectrogram 1	1	2321.5354323469	2321.92999398899	729.975062159671	3324.89280982053	43_2320_1
35	Spectrogram 1	1	2322.05270872297	2322.33207624215	614.278092518741	2597.65471493469	43_2320_2
36	Spectrogram 1	1	2341.99932098658	2342.39494665795	812.615754760335	3324.89280982053	43_2340_1
37	Spectrogram 1	1	2345.50954033694	2345.91685628877	729.975062159671	3391.00536390107	43_2345_1
38	Spectrogram 1	1	2351.14166776696	2351.61099604193	779.55947772007	3457.1179179816	43_2350_1
39	Spectrogram 1	1	2351.75313457375	2352.04769308352	663.862508079139	3341.42094834067	43_2350_2
40	Spectrogram 1	1	2354.85361482142	2355.27973265489	729.975062159671	3374.47722538093	43_2350_3
41	Spectrogram 1	1	2360.17232526748	2360.59670914242	763.031339199937	3258.78025574	43_2360_1
42	Spectrogram 1	1	2360.82210998938	2361.19340005284	713.446923639538	3473.64605650173	43_2360_2
43	Spectrogram 1	1	2364.51967221429	2364.95766649567	763.031339199937	3176.13956313934	43_2360_3
44	Spectrogram 1	1	2365.11609587566	2365.43454880166	845.672031800601	3258.78025574	43_2365_1
45	Spectrogram 1	1	2370.06145357192	2370.51804784351	829.143893280468	3275.30839426014	43_2370_1
46	Spectrogram 1	1	2370.7254771969	2371.01154782078	829.143893280468	3374.47722538093	43_2370_2
47	Spectrogram 1	1	2374.34393868734	2374.76348844172	796.087616240203	3308.3646713004	43_2370_3
48	Spectrogram 1	1	2379.96158084699	2380.40624392677	763.031339199937	3341.42094834067	43_2380_1
49	Spectrogram 1	1	2382.82383578899	2383.22327043466	663.862508079139	3424.06164094133	43_2380_2
50	Spectrogram 1	1	2383.49665666541	2383.86310432383	713.446923639538	3341.42094834067	43_2380_3
51	Spectrogram 1	1	2399.61141047619	2400.00673819585	696.918785119405	2746.40796161588	43_2395_1
52	Spectrogram 1	1	2400.51117384128	2400.92422444497	729.975062159671	2680.29540753535	43_2400_1
53	Spectrogram 1	1	2411.24943052004	2411.62698171031	928.312724401265	3275.30839426014	43_2410_1
54	Spectrogram 1	1	2411.8848804367	2412.15543591159	862.200170320734	3341.42094834067	43_2410_2
55	Spectrogram 1	1	2412.41034297524	2412.7818977806	729.975062159671	3110.02700905881	43_2410_3
56	Spectrogram 1	1	2413.0788248778	2413.40710240741	779.55947772007	2630.71099197495	43_2410_4
57	Spectrogram 1	1	2414.58007490519	2415.09185703661	829.143893280468	2977.80190089774	43_2410_5
58	Spectrogram 1	1	2415.39621164349	2415.82432877004	630.806231038874	3010.85817793801	43_2415_1
59	Spectrogram 1	1	2421.05365865143	2421.6308263439	614.278092518741	2300.14822157229	43_2420_1
60	Spectrogram 1	1	2423.3318504548	2423.81771903876	614.278092518741	2481.95774529376	43_2420_2
61	Spectrogram 1	1	2426.78630510242	2427.29937350072	713.446923639538	2481.95774529376	43_2425_1
62	Spectrogram 1	1	2432.24954429409	2432.6734469061	647.334369559006	3076.97073201854	43_2430_1
63	Spectrogram 1	1	2433.16265591198	2433.57228277146	680.390646599272	2680.29540753535	43_2430_2
64	Spectrogram 1	1	2434.13672109987	2434.53368544895	746.503200679804	2515.01402233402	43_2430_3
65	Spectrogram 1	1	2438.03569010859	2438.40368221205	729.975062159671	2961.27376237761	43_2435_1
66	Spectrogram 1	1	2438.73494603948	2439.04349907407	729.975062159671	2663.76726901522	43_2435_2
67	Spectrogram 1	1	2443.72669847954	2444.06095624407	696.918785119405	3060.44259349841	43_2440_1
68	Spectrogram 1	1	2445.02408311178	2445.42743885709	680.390646599272	2961.27376237761	43_2445_1
69	Spectrogram 1	1	2452.36614057173	2452.9035187262	696.918785119405	2349.73263713269	43_2450_1
70	Spectrogram 1	1	2453.25351969928	2453.79660572013	614.278092518741	2300.14822157229	43_2450_2
71	Spectrogram 1	1	2465.71761969942	2466.22766275895	680.390646599272	2283.62008305216	43_2465_1
72	Spectrogram 1	1	2474.48004627023	2474.95574518218	564.693676958342	2366.26077565283	43_2470_1
73	Spectrogram 1	1	2476.30012203606	2476.79953230883	614.278092518741	2515.01402233402	43_2475_1
74	Spectrogram 1	1	2476.99073541734	2477.34773391586	647.334369559006	2481.95774529376	43_2475_2
75	Spectrogram 1	1	2479.1923203663	2479.65139197024	763.031339199937	2382.78891417296	43_2475_3
76	Spectrogram 1	1	2501.57674364815	2501.97620988932	961.369001441531	3407.5335024212	43_2500_1
77	Spectrogram 1	1	2502.21160706192	2502.53878693733	763.031339199937	3605.87116466279	43_2500_2
78	Spectrogram 1	1	2502.84492007953	2503.16607449888	845.672031800601	3357.9490868608	43_2500_3
79	Spectrogram 1	1	2503.47416151604	2503.74158991555	763.031339199937	3159.6114246192	43_2500_4
80	Spectrogram 1	1	2505.44327472972	2505.85430422632	878.728308840867	3440.58977946146	43_2505_1
81	Spectrogram 1	1	2509.55378166357	2509.95336279323	630.806231038874	3258.78025574	43_2505_2
82	Spectrogram 1	1	2510.9143018397	2511.4618804342	878.728308840867	3225.72397869974	43_2510_1
83	Spectrogram 1	1	2511.67883362764	2512.14924971808	663.862508079139	3192.66770165947	43_2510_2
84	Spectrogram 1	1	2512.46040444407	2512.93078403153	779.55947772007	3258.78025574	43_2510_3
85	Spectrogram 1	1	2514.91921143224	2515.26425038793	713.446923639538	3258.78025574	43_2515_1
86	Spectrogram 1	1	2515.61979213633	2516.04495450069	647.334369559006	2977.80190089774	43_2515_2
87	Spectrogram 1	1	2518.59559719675	2519.10474582417	597.749953998608	3209.1958401796	43_2515_3
88	Spectrogram 1	1	2519.93494037984	2520.44793907406	696.918785119405	3341.42094834067	43_2520_1
89	Spectrogram 1	1	2520.74678654955	2521.20447868858	779.55947772007	3143.08328609907	43_2520_2
90	Spectrogram 1	1	2523.90586184971	2524.40480029782	647.334369559006	3093.49887053867	43_2520_3
91	Spectrogram 1	1	2525.47805929493	2525.87623457615	696.918785119405	3126.55514757894	43_2525_1
92	Spectrogram 1	1	2529.13241775007	2529.62524369931	647.334369559006	3242.25211721987	43_2525_2
93	Spectrogram 1	1	2530.24693282895	2530.66155527513	812.615754760335	3258.78025574	43_2530_1
94	Spectrogram 1	1	2533.34877280082	2533.77635455038	812.615754760335	3192.66770165947	43_2530_2
95	Spectrogram 1	1	2547.81263449674	2548.44375597923	581.221815478475	2481.95774529376	43_2545_1
96	Spectrogram 1	1	2552.60234481757	2552.88982590728	647.334369559006	3324.89280982053	43_2550_1
97	Spectrogram 1	1	2557.45224660852	2557.88245625504	829.143893280468	2911.68934681721	43_2555_1
98	Spectrogram 1	1	2558.18191186084	2558.6145612259	713.446923639538	3027.38631645814	43_2555_2
99	Spectrogram 1	1	2589.58339765269	2590.06655322562	630.806231038874	2382.78891417296	43_2585_1
100	Spectrogram 1	1	2598.04222670595	2598.45067079249	713.446923639538	2795.99237717628	43_2595_1
101	Spectrogram 1	1	2602.87680447806	2603.25255337696	829.143893280468	2647.23913049509	43_2600_1
102	Spectrogram 1	1	2604.18171601641	2604.54974255366	729.975062159671	2696.82354605548	43_2600_2
103	Spectrogram 1	1	2605.23745588273	2605.64208371335	746.503200679804	2878.63306977695	43_2605_1
104	Spectrogram 1	1	2631.29870418562	2631.5741684494	713.446923639538	3209.1958401796	43_2630_1
105	Spectrogram 1	1	2632.06084931322	2632.29590090805	680.390646599272	3126.55514757894	43_2630_2
106	Spectrogram 1	1	2634.97778918973	2635.4690972284	729.975062159671	2614.18285345482	43_2635_1
107	Spectrogram 1	1	2636.38020514237	2636.93383524163	796.087616240203	3192.66770165947	43_2635_2
108	Spectrogram 1	1	2637.19425472674	2637.62797511421	729.975062159671	3110.02700905881	43_2635_3
109	Spectrogram 1	1	2637.8985797754	2638.36173002922	829.143893280468	2680.29540753535	43_2635_4
110	Spectrogram 1	1	2639.98329439039	2640.41740752562	729.975062159671	2614.18285345482	43_2640_1
111	Spectrogram 1	1	2765.40445118352	2765.72443528439	729.975062159671	2234.03566749176	43_2765_1
112	Spectrogram 1	1	2766.42051903775	2766.70350315768	663.862508079139	2366.26077565283	43_2765_2
113	Spectrogram 1	1	2848.29761684438	2848.95821301553	630.806231038874	2399.31705269309	43_2845_1
114	Spectrogram 1	1	2849.40528655573	2850.1324009431	680.390646599272	2399.31705269309	43_2845_2
115	Spectrogram 1	1	2850.60112500838	2851.20387020167	663.862508079139	2432.37332973336	43_2850_1
116	Spectrogram 1	1	2856.59023298704	2857.06629756106	696.918785119405	2481.95774529376	43_2855_1
117	Spectrogram 1	1	2858.13911205446	2858.67742679103	696.918785119405	2333.20449861256	43_2855_2
118	Spectrogram 1	1	2859.04990444117	2859.60185576857	696.918785119405	2481.95774529376	43_2855_3
119	Spectrogram 1	1	2938.05956308837	2938.66643074769	680.390646599272	2498.48588381389	43_2935_1
120	Spectrogram 1	1	2938.90634978693	2939.39898506853	729.975062159671	2481.95774529376	43_2935_2
121	Spectrogram 1	1	2941.79849420459	2942.29676212551	696.918785119405	2448.90146825349	43_2940_1
122	Spectrogram 1	1	3037.43400510019	3037.69334959048	663.862508079139	2349.73263713269	43_3035_1
123	Spectrogram 1	1	3037.9697907363	3038.17940497522	614.278092518741	2911.68934681721	43_3035_2
124	Spectrogram 1	1	3053.00253073552	3053.31006451542	763.031339199937	3110.02700905881	43_3050_1
125	Spectrogram 1	1	3056.21159753126	3056.54884703612	614.278092518741	3258.78025574	43_3055_1
126	Spectrogram 1	1	3283.02761664303	3283.36558181793	663.862508079139	2795.99237717628	43_3280_1
127	Spectrogram 1	1	3312.3517272879	3312.75610614589	779.55947772007	2531.54216085416	43_3310_1
128	Spectrogram 1	1	3313.18198814	3313.53103241391	696.918785119405	2399.31705269309	43_3310_2
129	Spectrogram 1	1	3314.02880184273	3314.40407754544	713.446923639538	2432.37332973336	43_3310_3
130	Spectrogram 1	1	3314.91450878016	3315.4395958249	696.918785119405	2597.65471493469	43_3310_4
131	Spectrogram 1	1	3352.52101773887	3353.29609480641	630.806231038874	2515.01402233402	43_3350_1
132	Spectrogram 1	1	3592.39977420341	3592.90170215431	630.806231038874	2548.07029937429	43_3590_1
133	Spectrogram 1	1	3596.67536516543	3597.11209078523	680.390646599272	2432.37332973336	43_3595_1
134	Spectrogram 1	1	3598.52854396711	3599.0514923761	729.975062159671	2531.54216085416	43_3595_2
135	Spectrogram 1	1	3599.33098663226	3599.81194476739	746.503200679804	2349.73263713269	43_3595_3
136	Spectrogram 1	1	3617.98957233122	3618.56104456009	614.278092518741	2531.54216085416	43_3615_1
137	Spectrogram 1	1	3755.59957755926	3755.95825996476	862.200170320734	3506.702333542	43_3755_1
138	Spectrogram 1	1	3756.20608088729	3756.53753612829	796.087616240203	3589.34302614266	43_3755_2
139	Spectrogram 1	1	3758.90935641765	3759.38949610632	796.087616240203	3407.5335024212	43_3755_3
140	Spectrogram 1	1	3759.57012638303	3759.99949846065	729.975062159671	3126.55514757894	43_3755_4
141	Spectrogram 1	1	3767.30227303676	3767.75202288827	829.143893280468	3440.58977946146	43_3765_1
142	Spectrogram 1	1	3768.00619115171	3768.53155186297	779.55947772007	2630.71099197495	43_3765_2
143	Spectrogram 1	1	3775.93981977959	3776.41434708636	746.503200679804	2531.54216085416	43_3775_1
144	Spectrogram 1	1	3776.75098204503	3777.33689780462	812.615754760335	2300.14822157229	43_3775_2
145	Spectrogram 1	1	3777.78239476673	3778.3901817683	763.031339199937	2399.31705269309	43_3775_3
146	Spectrogram 1	1	3778.7207811779	3779.11274173548	862.200170320734	2349.73263713269	43_3775_4
147	Spectrogram 1	1	3847.38413567332	3847.75029192046	729.975062159671	3407.5335024212	43_3845_1
148	Spectrogram 1	1	3848.78659084885	3849.12311201197	696.918785119405	3424.06164094133	43_3845_2
149	Spectrogram 1	1	3849.40383756951	3849.818544974	680.390646599272	2448.90146825349	43_3845_3
150	Spectrogram 1	1	3851.5688150155	3852.19245675398	680.390646599272	2250.5638060119	43_3850_1
151	Spectrogram 1	1	3852.457104649	3853.03356663466	763.031339199937	2234.03566749176	43_3850_2
152	Spectrogram 1	1	3861.04712486009	3861.72372321746	713.446923639538	2283.62008305216	43_3860_1
153	Spectrogram 1	1	3877.50000173271	3878.15041306127	663.862508079139	2762.93610013602	43_3875_1
154	Spectrogram 1	1	3878.60210183376	3879.23790634936	696.918785119405	3027.38631645814	43_3875_2
155	Spectrogram 1	1	3898.3863686149	3899.09736148229	812.615754760335	2316.67636009243	43_3895_1
156	Spectrogram 1	1	3926.48641869189	3927.13662673392	548.165538438209	2498.48588381389	43_3925_1
157	Spectrogram 1	1	3931.53886596306	3932.12214967923	796.087616240203	2167.92311341123	43_3930_1
158	Spectrogram 1	1	3952.47098859008	3953.10146934484	729.975062159671	2366.26077565283	43_3950_1
159	Spectrogram 1	1	3959.94383277969	3960.4798121029	498.58112287781	2432.37332973336	43_3960_1
160	Spectrogram 1	1	3978.93398840917	3979.56091145645	729.975062159671	2515.01402233402	43_3975_1
161	Spectrogram 1	1	3979.79587096607	3980.19432424719	713.446923639538	2531.54216085416	43_3980_1
162	Spectrogram 1	1	3980.62448081995	3981.08491128146	680.390646599272	2432.37332973336	43_3980_2
163	Spectrogram 1	1	3981.45646990669	3981.92603545869	763.031339199937	2333.20449861256	43_3980_3
164	Spectrogram 1	1	3982.77559982582	3983.29426156329	829.143893280468	2267.09194453203	43_3980_4
165	Spectrogram 1	1	3983.57350644145	3984.11114372057	829.143893280468	2300.14822157229	43_3980_5
166	Spectrogram 1	1	4006.79756213397	4007.19722270418	663.862508079139	2498.48588381389	43_4005_1
167	Spectrogram 1	1	4073.23189026036	4073.9311971445	614.278092518741	2349.73263713269	43_4070_1
168	Spectrogram 1	1	4097.27342118404	4097.61019859616	663.862508079139	3192.66770165947	43_4095_1
169	Spectrogram 1	1	4099.96718932697	4100.35277096365	812.615754760335	2829.04865421655	43_4100_1
170	Spectrogram 1	1	4100.59386041152	4101.10930286221	796.087616240203	2465.42960677362	43_4100_2
171	Spectrogram 1	1	4102.30928759937	4102.86937278968	663.862508079139	2234.03566749176	43_4100_3
172	Spectrogram 1	1	4103.22325794542	4103.84870074798	746.503200679804	2250.5638060119	43_4100_4
173	Spectrogram 1	1	4104.10271798868	4104.5852552454	630.806231038874	2068.75428229043	43_4100_5
174	Spectrogram 1	1	4117.11429554743	4117.74826862618	663.862508079139	2366.26077565283	43_4115_1
175	Spectrogram 1	1	4118.15731287138	4118.74630940702	680.390646599272	2333.20449861256	43_4115_2
176	Spectrogram 1	1	4121.45336156443	4122.03561594101	680.390646599272	2878.63306977695	43_4120_1
177	Spectrogram 1	1	4122.54621755396	4123.15346674119	696.918785119405	2515.01402233402	43_4120_2
178	Spectrogram 1	1	4123.33648546582	4123.7828313717	713.446923639538	2515.01402233402	43_4120_3
179	Spectrogram 1	1	4124.09279067248	4124.58045840241	713.446923639538	2415.84519121323	43_4120_4
180	Spectrogram 1	1	4124.89726881199	4125.32833810206	763.031339199937	2217.50752897163	43_4120_5
181	Spectrogram 1	1	4126.05457698821	4126.49021722696	680.390646599272	2415.84519121323	43_4125_1
182	Spectrogram 1	1	4127.39625673128	4127.87771036843	564.693676958342	2151.3949748911	43_4125_2
183	Spectrogram 1	1	4153.38331953104	4154.03171442944	713.446923639538	2366.26077565283	43_4150_1
184	Spectrogram 1	1	4154.2466885782	4154.75790526076	796.087616240203	2498.48588381389	43_4150_2
185	Spectrogram 1	1	4155.09375858232	4155.53018854561	763.031339199937	2465.42960677362	43_4155_1
186	Spectrogram 1	1	4155.98707460709	4156.57064176741	713.446923639538	2548.07029937429	43_4155_2
187	Spectrogram 1	1	4156.84837203467	4157.41839425764	812.615754760335	2333.20449861256	43_4155_3
188	Spectrogram 1	1	4157.74306076145	4158.28064192188	746.503200679804	2415.84519121323	43_4155_4
189	Spectrogram 1	1	4166.32356533445	4166.96655749145	729.975062159671	2333.20449861256	43_4165_1
190	Spectrogram 1	1	4170.57498109488	4170.81313875923	796.087616240203	2366.26077565283	43_4170_1
191	Spectrogram 1	1	4171.7552272824	4172.05680313624	729.975062159671	3192.66770165947	43_4170_2
192	Spectrogram 1	1	4173.69105473614	4174.17116487448	597.749953998608	3176.13956313934	43_4170_3
193	Spectrogram 1	1	4175.829595004	4176.33746703495	729.975062159671	2548.07029937429	43_4175_1
194	Spectrogram 1	1	4176.70843414607	4177.14663456048	796.087616240203	2415.84519121323	43_4175_2
195	Spectrogram 1	1	4178.40323397447	4178.93744169305	729.975062159671	2614.18285345482	43_4175_3
196	Spectrogram 1	1	4181.74559952545	4182.2408892929	713.446923639538	2597.65471493469	43_4180_1
197	Spectrogram 1	1	4192.10090522866	4192.64346641728	796.087616240203	2465.42960677362	43_4190_1
198	Spectrogram 1	1	4194.75811235355	4195.26554092492	614.278092518741	2498.48588381389	43_4190_2
199	Spectrogram 1	1	4198.42748100556	4198.75249573218	696.918785119405	3506.702333542	43_4195_1
200	Spectrogram 1	1	4198.9752946154	4199.314109737	663.862508079139	3457.1179179816	43_4195_2
201	Spectrogram 1	1	4199.5178193438	4199.81980568536	796.087616240203	3374.47722538093	43_4195_3
202	Spectrogram 1	1	4200.06071484331	4200.41152272886	878.728308840867	3407.5335024212	43_4200_1
203	Spectrogram 1	1	4200.55530374588	4200.87857486845	961.369001441531	3457.1179179816	43_4200_2
204	Spectrogram 1	1	4204.16421095433	4204.54487755773	829.143893280468	3275.30839426014	43_4200_3
205	Spectrogram 1	1	4204.7240774191	4205.01037054726	862.200170320734	3308.3646713004	43_4200_4
206	Spectrogram 1	1	4207.98652794267	4208.3446703122	713.446923639538	3341.42094834067	43_4205_1
207	Spectrogram 1	1	4208.85611544454	4209.24823865988	630.806231038874	3457.1179179816	43_4205_2
208	Spectrogram 1	1	4212.1447620755	4212.55702241796	796.087616240203	3391.00536390107	43_4210_1
209	Spectrogram 1	1	4212.80780224618	4213.14206001072	796.087616240203	3374.47722538093	43_4210_2
210	Spectrogram 1	1	4215.60873033224	4215.97172490695	713.446923639538	3027.38631645814	43_4215_1
211	Spectrogram 1	1	4236.19624039671	4236.52043176284	696.918785119405	3192.66770165947	43_4235_1
212	Spectrogram 1	1	4236.76347624854	4237.03497420216	763.031339199937	3275.30839426014	43_4235_2
213	Spectrogram 1	1	4239.35086883484	4239.7388085671	746.503200679804	3357.9490868608	43_4235_3
214	Spectrogram 1	1	4239.93961999308	4240.27818370339	680.390646599272	3291.83653278027	43_4235_4
215	Spectrogram 1	1	4241.47126860275	4241.71587777073	713.446923639538	3060.44259349841	43_4240_1
216	Spectrogram 1	1	4242.02078179313	4242.30907205765	746.503200679804	3093.49887053867	43_4240_2
217	Spectrogram 1	1	4246.22469606341	4246.49669710652	746.503200679804	3291.83653278027	43_4245_1
218	Spectrogram 1	1	4257.10673755502	4257.40330982133	729.975062159671	2432.37332973336	43_4255_1
219	Spectrogram 1	1	4257.64544962677	4257.8775801381	829.143893280468	2548.07029937429	43_4255_2
220	Spectrogram 1	1	4258.5950987406	4258.77121779166	845.672031800601	2283.62008305216	43_4255_3
221	Spectrogram 1	1	4259.42952651806	4259.6266128168	796.087616240203	2316.67636009243	43_4255_4
222	Spectrogram 1	1	4280.63169298981	4280.95953441739	696.918785119405	2498.48588381389	43_4280_1
223	Spectrogram 1	1	4281.24222800573	4281.46637811003	911.784585881133	2399.31705269309	43_4280_2
224	Spectrogram 1	1	4282.12498247624	4282.34541683649	713.446923639538	2349.73263713269	43_4280_3
225	Spectrogram 1	1	4309.30905753767	4309.67933042017	829.143893280468	2564.59843789442	43_4305_1
226	Spectrogram 1	1	4317.58031563087	4317.83500958708	746.503200679804	3622.39930318293	43_4315_1
227	Spectrogram 1	1	4321.49008430099	4321.88070815143	680.390646599272	3655.45558022319	43_4320_1
228	Spectrogram 1	1	4324.29852729827	4324.70781127124	746.503200679804	3655.45558022319	43_4320_2
229	Spectrogram 1	1	4331.32254492083	4331.59006306144	796.087616240203	3308.3646713004	43_4330_1
230	Spectrogram 1	1	4331.81563895674	4332.06021883958	746.503200679804	2928.21748533734	43_4330_2
231	Spectrogram 1	1	4332.47275076057	4332.77023704542	713.446923639538	3126.55514757894	43_4330_3
232	Spectrogram 1	1	4352.28731021167	4352.74563727384	680.390646599272	2300.14822157229	43_4350_1
233	Spectrogram 1	1	4353.095166649	4353.59901704007	564.693676958342	2184.45125193136	43_4350_2
234	Spectrogram 1	1	4353.95998540035	4354.44797592446	614.278092518741	2167.92311341123	43_4350_3
235	Spectrogram 1	1	4363.54905208564	4364.06421459574	614.278092518741	2234.03566749176	43_4360_1
236	Spectrogram 1	1	4364.38625708221	4364.92071180677	564.693676958342	2167.92311341123	43_4360_2
237	Spectrogram 1	1	4365.32452390959	4365.85346657288	581.221815478475	1986.11358968977	43_4365_1
238	Spectrogram 1	1	4377.73039988795	4378.21548262627	548.165538438209	2200.9793904515	43_4375_1
239	Spectrogram 1	1	4378.6205769028	4379.12965081766	548.165538438209	2250.5638060119	43_4375_2
240	Spectrogram 1	1	4379.51279042694	4380.04417410624	630.806231038874	2217.50752897163	43_4375_3
241	Spectrogram 1	1	4380.48917729015	4381.02659308362	548.165538438209	2101.8105593307	43_4380_1
242	Spectrogram 1	1	4395.6944203107	4396.20544877483	581.221815478475	2217.50752897163	43_4395_1
243	Spectrogram 1	1	4396.56793385565	4397.10474380254	680.390646599272	2217.50752897163	43_4395_2
244	Spectrogram 1	1	4397.50514836821	4397.97431541584	614.278092518741	2217.50752897163	43_4395_3
245	Spectrogram 1	1	4398.42204636988	4398.92153246215	482.052984357678	2250.5638060119	43_4395_4
246	Spectrogram 1	1	4408.28989744	4408.94080240977	564.693676958342	2250.5638060119	43_4405_1
247	Spectrogram 1	1	4409.37043933364	4410.02308210555	564.693676958342	2300.14822157229	43_4405_2
248	Spectrogram 1	1	4428.45465631244	4429.07907861504	614.278092518741	2382.78891417296	43_4425_1
249	Spectrogram 1	1	4429.55376898824	4430.19032601004	630.806231038874	2300.14822157229	43_4425_2
250	Spectrogram 1	1	4431.01705916998	4431.59748647642	663.862508079139	2498.48588381389	43_4430_1
251	Spectrogram 1	1	4442.29754681335	4442.88610543302	647.334369559006	2300.14822157229	43_4440_1
252	Spectrogram 1	1	4443.37549855112	4444.03910446685	614.278092518741	2300.14822157229	43_4440_2
253	Spectrogram 1	1	4444.52696361613	4445.2184024597	581.221815478475	2234.03566749176	43_4440_3
254	Spectrogram 1	1	4486.2252198871	4486.71416545975	548.165538438209	2250.5638060119	43_4485_1
255	Spectrogram 1	1	4487.16285088056	4487.69657906114	581.221815478475	2151.3949748911	43_4485_2
256	Spectrogram 1	1	4488.10342965784	4488.60693736827	597.749953998608	2167.92311341123	43_4485_3
257	Spectrogram 1	1	4538.57736033724	4539.03017833107	729.975062159671	3391.00536390107	43_4535_1
258	Spectrogram 1	1	4539.56392279157	4540.00506942345	614.278092518741	2762.93610013602	43_4535_2
259	Spectrogram 1	1	4540.61000944724	4541.01825964409	713.446923639538	2481.95774529376	43_4540_1
260	Spectrogram 1	1	4541.68505498366	4542.09351166443	696.918785119405	2432.37332973336	43_4540_2
261	Spectrogram 1	1	4572.00990710091	4572.48794271033	564.693676958342	2217.50752897163	43_4570_1
262	Spectrogram 1	1	4572.90011892773	4573.38582482068	895.256447361	2250.5638060119	43_4570_2
263	Spectrogram 1	1	4574.91343991182	4575.27835396534	796.087616240203	2316.67636009243	43_4575_1
264	Spectrogram 1	1	4575.65301500836	4576.01492367608	713.446923639538	2481.95774529376	43_4575_2
265	Spectrogram 1	1	4592.1578347903	4592.62034505411	647.334369559006	2548.07029937429	43_4590_1
266	Spectrogram 1	1	4593.15059212271	4593.65566250824	647.334369559006	2448.90146825349	43_4590_2
267	Spectrogram 1	1	4594.26291620431	4594.7006182529	746.503200679804	2515.01402233402	43_4590_3
268	Spectrogram 1	1	4595.28711651551	4595.696967135	663.862508079139	2399.31705269309	43_4595_1
269	Spectrogram 1	1	4624.82327795994	4625.22039899689	663.862508079139	2167.92311341123	43_4625_1
270	Spectrogram 1	1	4625.64726318818	4626.19797818392	597.749953998608	2134.86683637097	43_4625_2
271	Spectrogram 1	1	4626.54720082713	4627.09825491983	597.749953998608	2068.75428229043	43_4625_3
272	Spectrogram 1	1	4652.46108110974	4653.00028818135	498.58112287781	2316.67636009243	43_4650_1
273	Spectrogram 1	1	4653.54835291641	4654.11289882014	515.109261397944	2498.48588381389	43_4650_2
274	Spectrogram 1	1	4711.14610651427	4711.69357299507	0.534163726445688	2.92171371586202	1986.0
275	Spectrogram 1	1	4712.2203126242	4712.79293341877	0.554397200932268	3.02288108829492	1987.0
276	Spectrogram 1	1	4713.58849842569	4714.17224936764	0.534163726445688	3.02288108829492	1988.0
277	Spectrogram 1	1	4721.68477874381	4722.29397978223	0.554397200932268	4.45945777684204	1989.0
278	Spectrogram 1	1	4723.56628461522	4724.11239829544	0.594864149905426	3.0431145627815	1990.0
279	Spectrogram 1	1	4724.67973593247	4725.2514430347	0.615097624392005	2.90148024137545	1991.0
280	Spectrogram 1	1	4732.22540662028	4732.77502736435	0.675798047851742	2.41587685369755	1992.0
281	Spectrogram 1	1	4759.9466796178	4760.48558976659	0.615097624392005	3.12404846072782	1993.0
282	Spectrogram 1	1	4761.02145978677	4761.57910635787	0.594864149905426	3.1442819352144	1994.0
283	Spectrogram 1	1	4778.80678405478	4779.32925622667	0.675798047851742	2.51704422613044	1995.0
284	Spectrogram 1	1	5033.66018969842	5034.08643194819	0.655564573365163	2.33494295575123	1996.0
285	Spectrogram 1	1	5034.5325888374	5034.96760911478	0.675798047851742	2.27424253229149	1997.0
286	Spectrogram 1	1	5035.42302060116	5035.88283809058	0.696031522338321	2.41587685369755	1998.0
287	Spectrogram 1	1	5036.35441850377	5036.82973032938	0.655564573365163	2.39564337921097	1999.0
288	Spectrogram 1	1	5045.39975061112	5045.95054063506	0.675798047851742	3.28591625662045	2000.0
289	Spectrogram 1	1	5046.67576277518	5047.21773232981	0.696031522338321	3.20498235867413	2001.0
290	Spectrogram 1	1	5050.47535423311	5051.07293074149	0.776965420284638	3.24544930764729	2002.0
291	Spectrogram 1	1	5053.35535835069	5053.63788760713	0.574630675418847	3.4275505780265	2003.0
292	Spectrogram 1	1	5053.95095693836	5054.24715964349	0.635331098878584	3.18474888418755	2004.0
293	Spectrogram 1	1	5056.16432688318	5056.58817347247	0.635331098878584	2.78007939445597	2005.0
294	Spectrogram 1	1	5056.96291882337	5057.47515367493	0.574630675418847	2.88124676688887	2006.0
295	Spectrogram 1	1	5127.75977677439	5128.16871519475	0.655564573365163	2.45634380267071	2007.0
296	Spectrogram 1	1	5128.67630419592	5129.07804052328	0.73649847131148	2.29447600677807	2008.0
297	Spectrogram 1	1	5129.70595444051	5130.10416707322	0.675798047851742	2.35517643023781	2009.0
298	Spectrogram 1	1	5152.91138573813	5153.34878181276	0.73649847131148	2.53727770061702	2010.0
299	Spectrogram 1	1	5153.90827641875	5154.32070944197	0.716264996824901	2.45634380267071	2011.0
300	Spectrogram 1	1	5156.6216509783	5157.0431847864	0.73649847131148	2.37540990472439	2012.0
301	Spectrogram 1	1	5157.69944738443	5158.14558764323	0.776965420284638	2.43611032818413	2013.0
302	Spectrogram 1	1	5158.74547523599	5159.16198531206	0.73649847131148	2.43611032818413	2014.0
303	Spectrogram 1	1	5161.17923542214	5161.59225302874	0.817432369257796	2.43611032818413	2015.0
304	Spectrogram 1	1	5162.04751502895	5162.45380832673	0.837665843744375	2.75984591996939	2016.0
305	Spectrogram 1	1	5166.94079239267	5167.33050354756	0.655564573365163	3.20498235867413	2017.0
306	Spectrogram 1	1	5167.56658657392	5168.05511337776	0.675798047851742	2.6586785475365	2018.0
307	Spectrogram 1	1	5168.45327437897	5168.93867206981	0.594864149905426	2.67891202202308	2019.0
308	Spectrogram 1	1	5173.39756316166	5173.73245330985	0.554397200932268	3.38708362905335	2020.0
309	Spectrogram 1	1	5175.9946091775	5176.32110784716	0.756731945798059	2.5575111751036	2021.0
310	Spectrogram 1	1	5187.53369281084	5188.00835317429	0.756731945798059	2.31470948126465	2022.0
311	Spectrogram 1	1	5188.33916507672	5188.77690456377	0.696031522338321	2.1730751598586	2023.0
312	Spectrogram 1	1	5189.08217396128	5189.583497064	0.655564573365163	2.31470948126465	2024.0
313	Spectrogram 1	1	5189.84265960129	5190.267257777	0.655564573365163	2.45634380267071	2025.0
314	Spectrogram 1	1	5190.66936302662	5191.25183155395	0.635331098878584	2.5575111751036	2026.0
315	Spectrogram 1	1	5191.65520222609	5192.19969224498	0.655564573365163	2.59797812407676	2027.0
316	Spectrogram 1	1	5192.55692117214	5193.08258227298	0.635331098878584	3.18474888418755	2028.0
317	Spectrogram 1	1	5194.03054337803	5194.50388846929	0.797198894771217	2.59797812407676	2029.0
318	Spectrogram 1	1	5194.81696107127	5195.35718951455	0.635331098878584	2.90148024137545	2030.0
319	Spectrogram 1	1	5196.29408399928	5196.86184116364	0.675798047851742	3.12404846072782	2031.0
320	Spectrogram 1	1	5203.53812499041	5204.04730643228	0.716264996824901	2.59797812407676	2032.0
321	Spectrogram 1	1	5209.8110489622	5210.10429316152	0.615097624392005	2.31470948126465	2033.0
322	Spectrogram 1	1	5210.60793688628	5210.9937884333	0.776965420284638	2.45634380267071	2034.0
323	Spectrogram 1	1	5211.51016392281	5211.89729686623	0.716264996824901	2.37540990472439	2035.0
324	Spectrogram 1	1	5215.43549377197	5215.76621273921	0.655564573365163	2.47657727715728	2036.0
325	Spectrogram 1	1	5216.32693040604	5216.71806888498	0.675798047851742	2.37540990472439	2037.0
326	Spectrogram 1	1	5217.29487200209	5217.70422788964	0.716264996824901	2.27424253229149	2038.0
327	Spectrogram 1	1	5218.27974542795	5218.62793162349	0.716264996824901	2.29447600677807	2039.0
328	Spectrogram 1	1	5224.13316294522	5224.39534049	0.696031522338321	2.49681075164386	2040.0
329	Spectrogram 1	1	5225.85240509424	5226.1543220089	0.594864149905426	2.35517643023781	2041.0
330	Spectrogram 1	1	5232.67735151569	5233.09392171479	0.655564573365163	2.37540990472439	2042.0
331	Spectrogram 1	1	5241.26914748802	5241.64234856684	0.635331098878584	2.45634380267071	2043.0
332	Spectrogram 1	1	5277.83223852463	5278.33912444642	0.574630675418847	2.43611032818413	2044.0
333	Spectrogram 1	1	5292.57132047728	5292.82564556591	0.655564573365163	2.9419471903486	2045.0
334	Spectrogram 1	1	5293.08781502677	5293.31015569568	0.615097624392005	2.45634380267071	2046.0
335	Spectrogram 1	1	5293.57273457351	5293.79045106997	0.776965420284638	2.51704422613044	2047.0
336	Spectrogram 1	1	5294.06124819913	5294.27787789094	0.675798047851742	2.49681075164386	2048.0
337	Spectrogram 1	1	5294.55747469225	5294.77157268714	0.675798047851742	2.47657727715728	2049.0
338	Spectrogram 1	1	5295.07624279116	5295.29415193993	0.675798047851742	2.43611032818413	2050.0
339	Spectrogram 1	1	5295.67273287804	5295.91691904125	0.837665843744375	2.59797812407676	2051.0
340	Spectrogram 1	1	5300.49842621223	5300.73678703528	0.73649847131148	2.43611032818413	2052.0
341	Spectrogram 1	1	5301.01212115226	5301.23440708012	0.756731945798059	2.45634380267071	2053.0
342	Spectrogram 1	1	5301.52147574769	5301.73270635872	0.73649847131148	2.51704422613044	2054.0
343	Spectrogram 1	1	5302.05505719813	5302.28294979285	0.696031522338321	2.47657727715728	2055.0
344	Spectrogram 1	1	5302.69118777065	5302.91541268252	0.797198894771217	2.43611032818413	2056.0
345	Spectrogram 1	1	5309.38174424462	5309.60791313459	0.675798047851742	2.49681075164386	2057.0
346	Spectrogram 1	1	5309.89896808473	5310.11661075269	0.716264996824901	2.47657727715728	2058.0
347	Spectrogram 1	1	5310.40220530232	5310.63100717713	0.675798047851742	2.45634380267071	2059.0
348	Spectrogram 1	1	5310.93616191598	5311.16540352936	0.716264996824901	2.45634380267071	2060.0
349	Spectrogram 1	1	5318.66574771648	5318.88957618805	0.73649847131148	2.43611032818413	2061.0
350	Spectrogram 1	1	5319.20978888184	5319.41689372744	0.675798047851742	2.47657727715728	2062.0
351	Spectrogram 1	1	5319.72407509906	5319.93805380145	0.675798047851742	2.47657727715728	2063.0
352	Spectrogram 1	1	5320.23359455949	5320.50763791838	0.797198894771217	2.45634380267071	2064.0
353	Spectrogram 1	1	5320.84371485715	5321.07588295921	0.675798047851742	2.47657727715728	2065.0
354	Spectrogram 1	1	5321.50017883201	5321.7549063086	0.878132792717534	2.53727770061702	2066.0
355	Spectrogram 1	1	5327.605629313	5327.84584087497	0.918599741690692	2.49681075164386	2067.0
356	Spectrogram 1	1	5328.10726091749	5328.31963055293	0.999533639637008	2.45634380267071	2068.0
357	Spectrogram 1	1	5328.59369555658	5328.8072605737	0.999533639637008	2.47657727715728	2069.0
358	Spectrogram 1	1	5329.07428828666	5329.29989696571	1.06023406309675	2.47657727715728	2070.0
359	Spectrogram 1	1	5329.67924325175	5329.92042635023	0.776965420284638	2.53727770061702	2071.0
360	Spectrogram 1	1	5349.30775058159	5349.52728785241	0.73649847131148	2.45634380267071	2072.0
361	Spectrogram 1	1	5349.76664337804	5349.98603165041	0.696031522338321	2.51704422613044	2073.0
362	Spectrogram 1	1	5350.26426446085	5350.478295383	0.756731945798059	2.45634380267071	2074.0
363	Spectrogram 1	1	5350.74875139088	5350.96369697509	0.797198894771217	2.6586785475365	2075.0
364	Spectrogram 1	1	5351.21215163464	5351.4408396474	0.696031522338321	2.43611032818413	2076.0
365	Spectrogram 1	1	5351.77912592415	5352.0162038154	0.716264996824901	2.57774464959018	2077.0
366	Spectrogram 1	1	5363.67104671422	5363.88324831225	0.73649847131148	2.5575111751036	2078.0
367	Spectrogram 1	1	5364.12970231255	5364.34739188294	0.696031522338321	2.57774464959018	2079.0
368	Spectrogram 1	1	5364.60690466809	5364.82522347775	0.696031522338321	2.47657727715728	2080.0
369	Spectrogram 1	1	5365.20925562792	5365.42877452243	0.756731945798059	2.51704422613044	2081.0
370	Spectrogram 1	1	5365.81373502762	5366.04210655403	0.716264996824901	2.49681075164386	2082.0
371	Spectrogram 1	1	5371.29462361988	5371.5152750578	0.756731945798059	2.57774464959018	2083.0
372	Spectrogram 1	1	5371.81959661269	5372.04125364068	0.716264996824901	2.53727770061702	2084.0
373	Spectrogram 1	1	5372.32510186878	5372.54009967275	0.716264996824901	2.41587685369755	2085.0
374	Spectrogram 1	1	5372.87215566254	5373.09379137271	0.73649847131148	2.43611032818413	2086.0
375	Spectrogram 1	1	5373.54370174001	5373.77574602418	0.716264996824901	2.43611032818413	2087.0
376	Spectrogram 1	1	5380.68834572067	5380.90232825348	0.675798047851742	2.53727770061702	2088.0
377	Spectrogram 1	1	5381.16655477756	5381.38819048774	0.756731945798059	2.53727770061702	2089.0
378	Spectrogram 1	1	5381.69640784729	5381.91995876702	0.716264996824901	2.53727770061702	2090.0
379	Spectrogram 1	1	5382.26549563007	5382.49761715295	0.655564573365163	2.45634380267071	2091.0
380	Spectrogram 1	1	5382.93157321902	5383.17701318993	0.716264996824901	2.35517643023781	2092.0
381	Spectrogram 1	1	5389.15499858529	5389.53328178983	0.716264996824901	2.84077981791571	2093.0
382	Spectrogram 1	1	5390.03017988514	5390.43381749032	0.675798047851742	2.53727770061702	2094.0
383	Spectrogram 1	1	5391.09092894937	5391.46430462742	0.696031522338321	2.37540990472439	2095.0
384	Spectrogram 1	1	5392.08665442973	5392.51818003959	0.756731945798059	2.45634380267071	2096.0
385	Spectrogram 1	1	5393.15964645673	5393.49458867922	0.756731945798059	2.27424253229149	2097.0
386	Spectrogram 1	1	5412.83634156565	5413.06080202405	0.73649847131148	2.41587685369755	2098.0
387	Spectrogram 1	1	5413.31406840333	5413.5326038337	0.716264996824901	2.41587685369755	2099.0
388	Spectrogram 1	1	5413.81946545263	5414.03391529656	0.776965420284638	2.49681075164386	2100.0
389	Spectrogram 1	1	5423.18028239137	5423.44090842246	0.756731945798059	2.37540990472439	2101.0
390	Spectrogram 1	1	5427.46221985782	5427.77188367389	0.776965420284638	2.84077981791571	2102.0
391	Spectrogram 1	1	5428.20706616939	5428.56756489965	0.696031522338321	2.53727770061702	2103.0
392	Spectrogram 1	1	5429.17132063588	5429.56089438054	0.756731945798059	2.49681075164386	2104.0
393	Spectrogram 1	1	5447.10524650553	5447.32244044878	0.73649847131148	2.37540990472439	2105.0
394	Spectrogram 1	1	5447.6687943865	5447.88093065729	0.73649847131148	2.53727770061702	2106.0
395	Spectrogram 1	1	5457.26733771569	5457.50777239553	0.776965420284638	2.43611032818413	2107.0
396	Spectrogram 1	1	5457.75198539705	5457.96588416165	0.776965420284638	2.47657727715728	2108.0
397	Spectrogram 1	1	5458.23942075718	5458.44966518882	0.756731945798059	2.45634380267071	2109.0
398	Spectrogram 1	1	5503.24799824354	5503.49408471485	0.756731945798059	2.49681075164386	2110.0
399	Spectrogram 1	1	5503.76239490365	5504.00224391726	0.756731945798059	2.43611032818413	2111.0
400	Spectrogram 1	1	5504.45224170143	5504.74499012815	0.73649847131148	2.51704422613044	2112.0
401	Spectrogram 1	1	5510.68564500154	5510.89579181407	0.73649847131148	2.45634380267071	2113.0
402	Spectrogram 1	1	5514.11066016013	5514.36428562353	0.817432369257796	2.43611032818413	2114.0
403	Spectrogram 1	1	5514.62742149739	5514.83936010563	0.696031522338321	2.49681075164386	2115.0
404	Spectrogram 1	1	5515.12416618642	5515.33138148385	0.756731945798059	2.49681075164386	2116.0
405	Spectrogram 1	1	5515.71385062324	5515.94442375172	0.716264996824901	2.5575111751036	2117.0
406	Spectrogram 1	1	5516.40128228759	5516.63292835363	0.716264996824901	2.57774464959018	2118.0
407	Spectrogram 1	1	5517.02131863622	5517.26055437872	0.73649847131148	2.47657727715728	2119.0
408	Spectrogram 1	1	5517.62393417079	5517.89785665329	0.756731945798059	2.45634380267071	2120.0
409	Spectrogram 1	1	5518.2834935203	5518.53416862359	0.696031522338321	2.45634380267071	2121.0
410	Spectrogram 1	1	5528.60992608554	5528.84845775822	0.73649847131148	2.49681075164386	2122.0
411	Spectrogram 1	1	5529.17722314476	5529.39501534452	0.73649847131148	2.43611032818413	2123.0
412	Spectrogram 1	1	5536.17884548403	5536.50856214211	0.716264996824901	2.47657727715728	2124.0
413	Spectrogram 1	1	5536.98700518672	5537.37467178672	0.898366267204113	2.49681075164386	2125.0
414	Spectrogram 1	1	5550.24523102195	5550.48359174803	0.716264996824901	2.45634380267071	2126.0
415	Spectrogram 1	1	5550.75617820033	5550.97031154175	0.756731945798059	2.27424253229149	2127.0
416	Spectrogram 1	1	5551.26677687058	5551.49746901681	0.716264996824901	2.49681075164386	2128.0
417	Spectrogram 1	1	5551.97488815472	5552.2349421604	0.716264996824901	2.33494295575123	2129.0
418	Spectrogram 1	1	5568.91478116332	5569.48392631317	0.675798047851742	2.39564337921097	2130.0
419	Spectrogram 1	1	5569.89252953729	5570.46184860756	0.716264996824901	2.69914549650965	2131.0
420	Spectrogram 1	1	5573.86431319095	5574.26311519101	0.817432369257796	2.63844507304992	2132.0
421	Spectrogram 1	1	5574.7424962471	5575.25249589557	0.817432369257796	2.53727770061702	2133.0
422	Spectrogram 1	1	5575.5667772113	5575.95197692442	0.675798047851742	2.98241413932176	2134.0
423	Spectrogram 1	1	5577.74159990308	5578.28183991843	0.696031522338321	3.08358151175466	2135.0
424	Spectrogram 1	1	5578.54760719356	5579.12195555563	0.655564573365163	3.4275505780265	2136.0
425	Spectrogram 1	1	5579.57345554916	5579.97107971959	0.776965420284638	2.39564337921097	2137.0
426	Spectrogram 1	1	5580.66294889094	5581.17415710937	0.756731945798059	3.00264761380834	2138.0
427	Spectrogram 1	1	5589.09969534463	5589.58165813542	0.615097624392005	2.90148024137545	2139.0
428	Spectrogram 1	1	5601.83412258359	5602.4406908796	0.696031522338321	2.57774464959018	2140.0
429	Spectrogram 1	1	5620.13452197578	5620.50990227216	0.756731945798059	2.35517643023781	2141.0
430	Spectrogram 1	1	5620.75579147018	5621.17318495079	0.675798047851742	2.33494295575123	2142.0
431	Spectrogram 1	1	5621.37955856927	5621.77326498057	0.837665843744375	2.13260821088544	2143.0
432	Spectrogram 1	1	5621.98706678916	5622.25256234963	0.918599741690692	1.95050694050623	2144.0
433	Spectrogram 1	1	5622.50060824423	5622.87829028308	0.776965420284638	2.37540990472439	2145.0
434	Spectrogram 1	1	5814.13476433802	5814.6380742969	0.756731945798059	2.41587685369755	2146.0
435	Spectrogram 1	1	5815.01218174878	5815.53525214485	0.837665843744375	2.41587685369755	2147.0
436	Spectrogram 1	1	5815.89047170752	5816.42731585431	0.817432369257796	2.53727770061702	2148.0
437	Spectrogram 1	1	5816.89689895271	5817.43156268596	0.776965420284638	2.90148024137545	2149.0
438	Spectrogram 1	1	6348.98243485294	6349.38982465263	0.797198894771217	2.15284168537202	2150.0
439	Spectrogram 1	1	6349.87524631187	6350.29275105242	0.918599741690692	2.25400905780491	2151.0
440	Spectrogram 1	1	6350.81436316236	6351.24401723268	0.938833216177271	2.19330863434518	2152.0
441	Spectrogram 1	1	6351.75203275639	6352.17983524737	0.95906669066385	2.29447600677807	2153.0
442	Spectrogram 1	1	6679.34963881621	6679.76412003079	0.73649847131148	2.29447600677807	2154.0
443	Spectrogram 1	1	6680.17951821861	6680.59399943319	0.756731945798059	2.27424253229149	2155.0
444	Spectrogram 1	1	6681.07585957845	6681.51562484003	0.675798047851742	2.1730751598586	2156.0
445	Spectrogram 1	1	6819.38448650299	6819.80735762837	0.73649847131148	2.29447600677807	2157.0
446	Spectrogram 1	1	6820.30761562956	6820.7626488932	0.73649847131148	2.23377558331833	2158.0
447	Spectrogram 1	1	6821.20854927208	6821.64622538752	0.73649847131148	2.15284168537202	2159.0
448	Spectrogram 1	1	6822.1786589415	6822.6128418925	0.73649847131148	2.35517643023781	2160.0
449	Spectrogram 1	1	7003.39166630983	7003.64102510656	0.716264996824901	2.1730751598586	2161.0
450	Spectrogram 1	1	7003.98067312663	7004.15853728009	0.857899318230954	2.19330863434518	2162.0
451	Spectrogram 1	1	7004.47369973527	7004.73746953839	0.73649847131148	1.91003999153307	2163.0
452	Spectrogram 1	1	7004.96172420067	7005.20794341136	0.655564573365163	2.03144083845254	2164.0
453	Spectrogram 1	1	7005.54037189547	7005.82842120605	0.776965420284638	1.80887261910017	2165.0
454	Spectrogram 1	1	7006.18906255668	7006.38561716743	0.716264996824901	2.05167431293912	2166.0
455	Spectrogram 1	1	7145.01417265832	7145.62740287742	0.655564573365163	2.92171371586202	2167.0
456	Spectrogram 1	1	7146.04394989424	7146.62677991939	0.675798047851742	2.98241413932176	2168.0
457	Spectrogram 1	1	7147.09561825009	7147.77591231961	0.594864149905426	2.92171371586202	2169.0
458	Spectrogram 1	1	7283.18172161338	7283.65918844571	0.655564573365163	2.49681075164386	2170.0
459	Spectrogram 1	1	7284.13812035225	7284.62102041589	0.776965420284638	2.33494295575123	2171.0
460	Spectrogram 1	1	7285.14997316169	7285.56362409657	0.73649847131148	2.53727770061702	2172.0
461	Spectrogram 1	1	7286.17160160926	7286.57442438571	0.594864149905426	2.51704422613044	2173.0
462	Spectrogram 1	1	7603.45746850375	7603.86535228205	0.615097624392005	2.59797812407676	2174.0
463	Spectrogram 1	1	7604.45303522184	7604.86152120021	0.716264996824901	2.31470948126465	2175.0
464	Spectrogram 1	1	7605.50313074793	7605.91152343862	0.716264996824901	2.39564337921097	2176.0
465	Spectrogram 1	1	7606.56262714749	7606.97162494743	0.696031522338321	2.25400905780491	2177.0
466	Spectrogram 1	1	7619.24808754948	7619.72650201456	0.73649847131148	2.33494295575123	2178.0
467	Spectrogram 1	1	7620.30618969137	7620.72125613581	0.655564573365163	2.27424253229149	2179.0
468	Spectrogram 1	1	7621.45799187643	7621.87863385952	0.716264996824901	2.31470948126465	2180.0
469	Spectrogram 1	1	7721.05803653616	7721.52510959898	0.655564573365163	2.29447600677807	2181.0
470	Spectrogram 1	1	7722.05706313994	7722.52528141726	0.716264996824901	2.35517643023781	2182.0
471	Spectrogram 1	1	7723.07618435626	7723.56936534558	0.837665843744375	2.84077981791571	2183.0
472	Spectrogram 1	1	7741.38780001897	7741.85779158639	0.837665843744375	2.29447600677807	2184.0
473	Spectrogram 1	1	7742.3963263461	7742.88107957297	0.675798047851742	2.45634380267071	2185.0
474	Spectrogram 1	1	7743.51293793727	7743.99020159577	0.73649847131148	2.33494295575123	2186.0
475	Spectrogram 1	1	7846.06803420958	7846.52764862214	0.716264996824901	2.35517643023781	2187.0
476	Spectrogram 1	1	7847.09401871177	7847.58841623897	0.675798047851742	2.27424253229149	2188.0
477	Spectrogram 1	1	7869.08375300875	7869.55716291006	0.797198894771217	2.45634380267071	2189.0
478	Spectrogram 1	1	7869.98741511873	7870.4790554553	0.655564573365163	2.41587685369755	2190.0
479	Spectrogram 1	1	7882.37676920449	7882.81133041342	0.554397200932268	3.1442819352144	2191.0
480	Spectrogram 1	1	7883.30377535099	7883.75630744792	0.716264996824901	3.08358151175466	2192.0
481	Spectrogram 1	1	7891.19243999956	7891.65250375098	0.756731945798059	2.39564337921097	2193.0
482	Spectrogram 1	1	7892.25034001708	7892.71987182108	0.696031522338321	2.33494295575123	2194.0
483	Spectrogram 1	1	8212.80404180058	8213.25122868503	0.837665843744375	2.25400905780491	2195.0
484	Spectrogram 1	1	8213.69954409804	8214.12627193828	0.696031522338321	2.25400905780491	2196.0
485	Spectrogram 1	1	8214.59950432949	8215.03896517779	0.716264996824901	2.29447600677807	2197.0
486	Spectrogram 1	1	8307.56140646982	8308.03924588673	647.334369559006	2432.37332973336	43_8305_1
487	Spectrogram 1	1	8308.49928198389	8308.94131716671	647.334369559006	2465.42960677362	43_8305_2
488	Spectrogram 1	1	8309.38692013014	8309.81585840385	630.806231038874	2316.67636009243	43_8305_3
489	Spectrogram 1	1	8316.51489052092	8316.98005282533	647.334369559006	2515.01402233402	43_8315_1
490	Spectrogram 1	1	8317.47399254152	8317.91328053828	729.975062159671	2316.67636009243	43_8315_2
491	Spectrogram 1	1	8346.2157784306	8346.6469724474	630.806231038874	2382.78891417296	43_8345_1
492	Spectrogram 1	1	8347.06842028115	8347.46811575589	680.390646599272	2250.5638060119	43_8345_2
493	Spectrogram 1	1	8347.92327092352	8348.3915850759	696.918785119405	2349.73263713269	43_8345_3
494	Spectrogram 1	1	8496.31927620414	8496.72008777885	696.918785119405	2300.14822157229	43_8495_1
495	Spectrogram 1	1	8497.16532703752	8497.59819823885	680.390646599272	2349.73263713269	43_8495_2
496	Spectrogram 1	1	8498.06154216783	8498.52844351285	680.390646599272	2300.14822157229	43_8495_3
497	Spectrogram 1	1	8657.03935786253	8657.50786143376	729.975062159671	2316.67636009243	43_8655_1
498	Spectrogram 1	1	8657.89860344154	8658.34494934743	680.390646599272	2316.67636009243	43_8655_2
499	Spectrogram 1	1	8658.81075240101	8659.29202025495	713.446923639538	2333.20449861256	43_8655_3
500	Spectrogram 1	1	8687.2349269579	8687.62798875158	729.975062159671	2283.62008305216	43_8685_1
501	Spectrogram 1	1	8688.05968565813	8688.52639401097	696.918785119405	2316.67636009243	43_8685_2
502	Spectrogram 1	1	8691.42017605417	8691.82946002714	647.334369559006	2333.20449861256	43_8690_1
503	Spectrogram 1	1	8692.29710254404	8692.7459388091	663.862508079139	2283.62008305216	43_8690_2
504	Spectrogram 1	1	8693.23410455492	8693.69466859305	713.446923639538	2184.45125193136	43_8690_3
505	Spectrogram 1	1	8711.77149239462	8712.2462084472	663.862508079139	2349.73263713269	43_8710_1
506	Spectrogram 1	1	8712.63708339124	8713.06884859289	746.503200679804	2267.09194453203	43_8710_2
507	Spectrogram 1	1	8713.55237077115	8713.99388907566	680.390646599272	2382.78891417296	43_8710_3
508	Spectrogram 1	1	8729.17757546599	8729.56677074182	663.862508079139	2217.50752897163	43_8725_1
509	Spectrogram 1	1	8730.04764607186	8730.55149646293	680.390646599272	2382.78891417296	43_8730_1
510	Spectrogram 1	1	8751.7305084382	8752.15100035592	630.806231038874	2250.5638060119	43_8750_1
511	Spectrogram 1	1	8752.62405862258	8753.09051464238	630.806231038874	2333.20449861256	43_8750_2
512	Spectrogram 1	1	8753.52350747332	8753.97675189116	647.334369559006	2366.26077565283	43_8750_3
513	Spectrogram 1	1	8754.46585876099	8754.8793251947	663.862508079139	2498.48588381389	43_8750_4
514	Spectrogram 1	1	8764.33813433536	8764.77118024161	581.221815478475	2531.54216085416	43_8760_1
515	Spectrogram 1	1	8765.31789363514	8765.77030870174	663.862508079139	2465.42960677362	43_8765_1
516	Spectrogram 1	1	8766.2433745273	8766.71371125275	680.390646599272	2200.9793904515	43_8765_2
517	Spectrogram 1	1	9643.09403998022	9643.29820506826	680.390646599272	2349.73263713269	43_9640_1
518	Spectrogram 1	1	9643.53576434175	9643.75825561007	680.390646599272	2498.48588381389	43_9640_2
519	Spectrogram 1	1	9644.03057599547	9644.29053695779	779.55947772007	2432.37332973336	43_9640_3
520	Spectrogram 1	1	9645.01075078814	9645.22082279273	928.312724401265	2448.90146825349	43_9645_1
521	Spectrogram 1	1	9645.95694328278	9646.2937206949	779.55947772007	2267.09194453203	43_9645_2
522	Spectrogram 1	1	9777.12618910296	9777.30899181753	680.390646599272	2151.3949748911	43_9775_1
523	Spectrogram 1	1	9777.56855940677	9777.89378673685	696.918785119405	2283.62008305216	43_9775_2
524	Spectrogram 1	1	9778.10042608101	9778.37048965769	746.503200679804	2234.03566749176	43_9775_3
525	Spectrogram 1	1	9778.58050311918	9778.85270034813	779.55947772007	2267.09194453203	43_9775_4
526	Spectrogram 1	1	9779.03604321402	9779.28525039216	845.672031800601	2300.14822157229	43_9775_5
527	Spectrogram 1	1	9779.53891102949	9779.75984969161	779.55947772007	2267.09194453203	43_9775_6
528	Spectrogram 1	1	9784.93769778898	9785.1862405595	746.503200679804	2300.14822157229	43_9785_1
529	Spectrogram 1	1	9785.46160810931	9785.67186500473	829.143893280468	2283.62008305216	43_9785_2
530	Spectrogram 1	1	9785.93220891619	9786.25671654742	779.55947772007	2200.9793904515	43_9785_3
531	Spectrogram 1	1	9786.45649045102	9786.71802100047	779.55947772007	2300.14822157229	43_9785_4
532	Spectrogram 1	1	9820.78150253429	9821.03386950218	597.749953998608	2151.3949748911	43_9820_1
533	Spectrogram 1	1	9821.27950281362	9821.60796666772	713.446923639538	2415.84519121323	43_9820_2
534	Spectrogram 1	1	9821.91309379057	9822.2557482487	630.806231038874	2349.73263713269	43_9820_3
535	Spectrogram 1	1	9822.93154314729	9823.15894955869	696.918785119405	2234.03566749176	43_9820_4
536	Spectrogram 1	1	10102.096548277	10102.3794067748	680.390646599272	2465.42960677362	43_10100_1
537	Spectrogram 1	1	10102.7312088589	10103.0307856346	729.975062159671	2333.20449861256	43_10100_2
538	Spectrogram 1	1	10103.3343653528	10103.6442636834	729.975062159671	2250.5638060119	43_10100_3
539	Spectrogram 1	1	10103.9249675383	10104.2223284751	696.918785119405	2415.84519121323	43_10100_4
540	Spectrogram 1	1	10104.5058237555	10104.783676391	647.334369559006	2151.3949748911	43_10100_5
541	Spectrogram 1	1	10104.9683439428	10105.1529301679	746.503200679804	2151.3949748911	43_10105_1
542	Spectrogram 1	1	10105.4588597171	10105.7009956498	829.143893280468	2151.3949748911	43_10105_2
543	Spectrogram 1	1	10105.9077183289	10106.1431579854	729.975062159671	2184.45125193136	43_10105_3
544	Spectrogram 1	1	10106.4029139338	10106.5958394393	729.975062159671	2118.33869785083	43_10105_4
545	Spectrogram 1	1	10106.9361188027	10107.1670241376	763.031339199937	2234.03566749176	43_10105_5
546	Spectrogram 1	1	10172.5822806672	10172.9941622566	713.446923639538	2333.20449861256	43_10170_1
547	Spectrogram 1	1	10173.5050420233	10173.950798597	630.806231038874	2382.78891417296	43_10170_2
548	Spectrogram 1	1	10188.8708488968	10189.2984934551	729.975062159671	2283.62008305216	43_10185_1
549	Spectrogram 1	1	10189.7872847693	10190.0764599736	663.862508079139	2234.03566749176	43_10190_1
550	Spectrogram 1	1	10190.7278269193	10191.1323264561	614.278092518741	2366.26077565283	43_10190_2
551	Spectrogram 1	1	10206.3584335913	10206.7592266463	729.975062159671	2481.95774529376	43_10205_1
552	Spectrogram 1	1	10207.2889878514	10207.7534915443	680.390646599272	2300.14822157229	43_10205_2
553	Spectrogram 1	1	10244.2229848593	10244.6335243758	729.975062159671	2217.50752897163	43_10240_1
554	Spectrogram 1	1	10245.1137564619	10245.5504570279	597.749953998608	2366.26077565283	43_10245_1
555	Spectrogram 1	1	10315.2931552794	10315.7842630855	597.749953998608	2333.20449861256	43_10315_1
556	Spectrogram 1	1	10316.2222876341	10316.6461902461	614.278092518741	2316.67636009243	43_10315_2
557	Spectrogram 1	1	10317.1689057444	10317.6199620229	614.278092518741	2399.31705269309	43_10315_3
558	Spectrogram 1	1	10476.1362789484	10476.5873747469	614.278092518741	2531.54216085416	43_10475_1
559	Spectrogram 1	1	10477.2264495513	10477.6852679984	614.278092518741	2415.84519121323	43_10475_2
560	Spectrogram 1	1	10478.3002519216	10478.739451092	581.221815478475	2498.48588381389	43_10475_3
561	Spectrogram 1	1	10607.6508066016	10608.1201528578	531.637399918076	2481.95774529376	43_10605_1
562	Spectrogram 1	1	10608.5942924367	10609.0039159145	564.693676958342	2465.42960677362	43_10605_2
563	Spectrogram 1	1	10610.9851536509	10611.349495693	581.221815478475	2349.73263713269	43_10610_1
564	Spectrogram 1	1	10611.8509158603	10612.2749413772	564.693676958342	2382.78891417296	43_10610_2
565	Spectrogram 1	1	10787.4053995729	10787.8760700611	680.390646599272	2564.59843789442	43_10785_1
566	Spectrogram 1	1	10788.3196592461	10788.7527985469	614.278092518741	2630.71099197495	43_10785_2
567	Spectrogram 1	1	11369.9175526145	11370.3181801068	696.918785119405	2448.90146825349	43_11370_1
568	Spectrogram 1	1	11370.888776741	11371.4919468519	647.334369559006	2316.67636009243	43_11370_2
569	Spectrogram 1	1	11371.9822582474	11372.6517070857	630.806231038874	2415.84519121323	43_11370_3
570	Spectrogram 1	1	12624.5705527239	12624.8631839138	515.109261397944	2399.31705269309	43_12620_1
571	Spectrogram 1	1	12625.2661208891	12625.5740421144	531.637399918076	2184.45125193136	43_12625_1
572	Spectrogram 1	1	12625.9444356099	12626.3414309287	564.693676958342	2101.8105593307	43_12625_2
573	Spectrogram 1	1	12626.6440082618	12626.9822415149	548.165538438209	2052.2261437703	43_12625_3
574	Spectrogram 1	1	14854.9462181242	14855.2153381007	564.693676958342	2184.45125193136	43_14855_1
575	Spectrogram 1	1	14855.9941833586	14856.3131458919	564.693676958342	2399.31705269309	43_14855_2
576	Spectrogram 1	1	14856.6971617999	14857.0259772496	564.693676958342	2267.09194453203	43_14855_3
577	Spectrogram 1	1	14857.8365404236	14858.0568553918	498.58112287781	2300.14822157229	43_14855_4
578	Spectrogram 1	1	14858.5247981476	14858.8120356207	531.637399918076	2167.92311341123	43_14855_5
579	Spectrogram 1	1	15330.3086890377	15330.5435416662	779.55947772007	2217.50752897163	43_15330_1
580	Spectrogram 1	1	15331.3608792964	15331.5639120715	729.975062159671	2283.62008305216	43_15330_2
581	Spectrogram 1	1	15331.8322174208	15332.0878054866	895.256447361	2300.14822157229	43_15330_3
582	Spectrogram 1	1	15332.3831043785	15332.5892328871	845.672031800601	2217.50752897163	43_15330_4
583	Spectrogram 1	1	15332.9419949458	15333.1631506849	796.087616240203	2366.26077565283	43_15330_5
584	Spectrogram 1	1	15333.5667581257	15333.8088940584	812.615754760335	2349.73263713269	43_15330_6
585	Spectrogram 1	1	15334.7531998278	15334.9683611097	895.256447361	2366.26077565283	43_15330_7
586	Spectrogram 1	1	15335.3508856544	15335.6175986468	729.975062159671	2167.92311341123	43_15335_1
587	Spectrogram 1	1	15336.1667724236	15336.2743340258	680.390646599272	2101.8105593307	43_15335_2
588	Spectrogram 1	1	15336.5264420923	15336.8409146151	746.503200679804	2283.62008305216	43_15335_3
589	Spectrogram 1	1	15337.0343267665	15337.2840176919	812.615754760335	2267.09194453203	43_15335_4
590	Spectrogram 1	1	15508.7955222698	15509.0665744791	597.749953998608	2134.86683637097	43_15505_1
591	Spectrogram 1	1	15509.6512294184	15509.7972680777	746.503200679804	2200.9793904515	43_15505_2
592	Spectrogram 1	1	15510.2081100682	15510.5052903762	680.390646599272	2432.37332973336	43_15510_1
593	Spectrogram 1	1	15517.6283176934	15517.90882662	647.334369559006	2349.73263713269	43_15515_1
594	Spectrogram 1	1	15518.3520891211	15518.5433442764	498.58112287781	2101.8105593307	43_15515_2
595	Spectrogram 1	1	20062.4683706036	20062.8374750304	498.58112287781	2382.78891417296	43_20060_1
596	Spectrogram 1	1	20065.1960097231	20065.554006393	548.165538438209	2498.48588381389	43_20065_1
597	Spectrogram 1	1	20067.2923974346	20067.6917730302	614.278092518741	2713.35168457562	43_20065_2
598	Spectrogram 1	1	20068.3268329916	20068.570749546	448.996707317412	2151.3949748911	43_20065_3
599	Spectrogram 1	1	20069.7784083917	20069.971857375	614.278092518741	2333.20449861256	43_20070_1
600	Spectrogram 1	1	20073.4011138391	20073.6790165189	696.918785119405	2283.62008305216	43_20070_2
601	Spectrogram 1	1	20082.8461327569	20083.165483892	647.334369559006	2481.95774529376	43_20080_1
