Selection	View	Channel	Begin Time (s)	End Time (s)	Low Freq (Hz)	High Freq (Hz)	Annotation
1	Spectrogram 1	1	1186.395262762	1186.61446379261	614.278092518741	3275.30839426014	457_1185_1
2	Spectrogram 1	1	1186.85670998406	1187.07479591856	696.918785119405	2977.80190089774	457_1185_2
3	Spectrogram 1	1	1187.30167380096	1187.51418425496	581.221815478475	2779.46423865615	457_1185_3
4	Spectrogram 1	1	1188.29202023287	1188.54017799698	448.996707317412	2151.3949748911	457_1185_4
5	Spectrogram 1	1	1188.86894834485	1189.0779548753	548.165538438209	2316.67636009243	457_1185_5
6	Spectrogram 1	1	1189.60122542827	1189.8071213087	382.88415323688	2531.54216085416	457_1185_6
7	Spectrogram 1	1	1190.39562760815	1190.77653120512	432.468568797279	2382.78891417296	457_1190_1
8	Spectrogram 1	1	1191.23002376731	1191.72728946748	581.221815478475	2911.68934681721	457_1190_2
9	Spectrogram 1	1	1192.68730417493	1192.96642914368	415.940430277146	3027.38631645814	457_1190_3
10	Spectrogram 1	1	1193.24846233123	1193.42668269123	399.412291757013	2779.46423865615	457_1190_4
11	Spectrogram 1	1	1193.84532557638	1194.03580443091	448.996707317412	2432.37332973336	457_1190_5
12	Spectrogram 1	1	1194.3725733171	1194.52757237383	482.052984357678	2812.52051569641	457_1190_6
13	Spectrogram 1	1	1194.96220563021	1195.13038527024	597.749953998608	2696.82354605548	457_1195_1
14	Spectrogram 1	1	1195.52328415361	1195.78168341012	564.693676958342	2845.57679273668	457_1195_2
15	Spectrogram 1	1	1196.13365037527	1196.41127844983	713.446923639538	2647.23913049509	457_1195_3
16	Spectrogram 1	1	1196.76854263589	1197.09878780185	729.975062159671	2614.18285345482	457_1195_4
17	Spectrogram 1	1	1197.37184182433	1197.64341910225	597.749953998608	2696.82354605548	457_1195_5
18	Spectrogram 1	1	1198.03547185499	1198.31288832927	498.58112287781	2977.80190089774	457_1195_6
19	Spectrogram 1	1	1198.5883482121	1198.83130710093	564.693676958342	2895.16120829708	457_1195_7
20	Spectrogram 1	1	1199.22679043539	1199.41303613544	564.693676958342	2994.33003941788	457_1195_8
21	Spectrogram 1	1	1199.81849613635	1200.09587230137	729.975062159671	2878.63306977695	457_1195_9
22	Spectrogram 1	1	1200.38909691883	1200.58836068769	812.615754760335	2862.10493125681	457_1200_1
23	Spectrogram 1	1	1200.99501871674	1201.16606909208	779.55947772007	2862.10493125681	457_1200_2
24	Spectrogram 1	1	1201.97170383382	1202.08260665786	564.693676958342	2911.68934681721	457_1200_3
25	Spectrogram 1	1	1202.56898145132	1202.72812289889	696.918785119405	2696.82354605548	457_1200_4
26	Spectrogram 1	1	1203.11990527187	1203.2330111211	696.918785119405	2713.35168457562	457_1200_5
27	Spectrogram 1	1	1203.66505863092	1203.81642325347	515.109261397944	2928.21748533734	457_1200_6
28	Spectrogram 1	1	1204.28935023407	1204.4526567885	763.031339199937	2795.99237717628	457_1200_7
29	Spectrogram 1	1	1204.8308307034	1205.0340223435	630.806231038874	2845.57679273668	457_1200_8
30	Spectrogram 1	1	1210.34283360438	1210.6253470992	796.087616240203	2696.82354605548	457_1210_1
31	Spectrogram 1	1	1211.01320891839	1211.13977136365	663.862508079139	2961.27376237761	457_1210_2
32	Spectrogram 1	1	1211.57362790589	1211.71055244515	663.862508079139	2762.93610013602	457_1210_3
33	Spectrogram 1	1	1212.14752764941	1212.43286128624	647.334369559006	2829.04865421655	457_1210_4
34	Spectrogram 1	1	1212.67004942015	1212.98879182047	696.918785119405	3159.6114246192	457_1210_5
35	Spectrogram 1	1	1213.22444324112	1213.65327426773	614.278092518741	2812.52051569641	457_1210_6
36	Spectrogram 1	1	1213.84542081371	1214.03248248839	614.278092518741	2961.27376237761	457_1210_7
37	Spectrogram 1	1	1214.42271066976	1214.61717628175	829.143893280468	2729.87982309575	457_1210_8
38	Spectrogram 1	1	1214.96097261584	1215.22334896259	630.806231038874	2696.82354605548	457_1215_1
39	Spectrogram 1	1	1215.59287919957	1215.72799594045	845.672031800601	2961.27376237761	457_1215_2
40	Spectrogram 1	1	1216.13823406033	1216.2863472497	829.143893280468	2680.29540753535	457_1215_3
41	Spectrogram 1	1	1216.67500774074	1216.84096377565	779.55947772007	2862.10493125681	457_1215_4
42	Spectrogram 1	1	1217.22452836754	1217.39033307339	663.862508079139	3076.97073201854	457_1215_5
43	Spectrogram 1	1	1218.16377277987	1218.36366016159	696.918785119405	2994.33003941788	457_1215_6
44	Spectrogram 1	1	1218.7322099682	1218.91787394105	729.975062159671	2878.63306977695	457_1215_7
45	Spectrogram 1	1	1563.1956519727	1563.8159353075	614.278092518741	3010.85817793801	457_1560_1
46	Spectrogram 1	1	1563.89880857657	1564.06608040482	647.334369559006	2498.48588381389	457_1560_2
47	Spectrogram 1	1	1916.63381340427	1916.76912820215	647.334369559006	2911.68934681721	457_1915_1
48	Spectrogram 1	1	1919.73128547209	1919.86902682012	680.390646599272	2696.82354605548	457_1915_2
49	Spectrogram 1	1	1920.28254202059	1920.5220861439	515.109261397944	2597.65471493469	457_1920_1
50	Spectrogram 1	1	1921.72855425801	1921.91098498783	630.806231038874	2614.18285345482	457_1920_2
51	Spectrogram 1	1	1926.38640599612	1926.70989933778	581.221815478475	2696.82354605548	457_1925_1
52	Spectrogram 1	1	1931.27011947549	1931.52235147378	581.221815478475	2663.76726901522	457_1930_1
53	Spectrogram 1	1	1933.81946916755	1934.15953934878	498.58112287781	2911.68934681721	457_1930_2
54	Spectrogram 1	1	1939.61394657684	1939.86745032642	581.221815478475	3506.702333542	457_1935_1
55	Spectrogram 1	1	1940.04685408229	1940.26769318046	597.749953998608	3622.39930318293	457_1940_1
56	Spectrogram 1	1	1940.4950085767	1940.71866999172	548.165538438209	3424.06164094133	457_1940_2
57	Spectrogram 1	1	1940.95759249691	1941.18831267491	680.390646599272	3291.83653278027	457_1940_3
58	Spectrogram 1	1	1941.42566435068	1941.66651931096	680.390646599272	3176.13956313934	457_1940_4
59	Spectrogram 1	1	1941.91756480816	1942.14941107308	647.334369559006	2944.74562385748	457_1940_5
60	Spectrogram 1	1	1942.42194154814	1942.66364262139	696.918785119405	3143.08328609907	457_1940_6
61	Spectrogram 1	1	1942.95566258234	1943.18424833473	729.975062159671	3242.25211721987	457_1940_7
62	Spectrogram 1	1	1943.47837304889	1943.72505610834	614.278092518741	3357.9490868608	457_1940_8
63	Spectrogram 1	1	1948.21492075982	1948.42297082941	663.862508079139	3076.97073201854	457_1945_1
64	Spectrogram 1	1	1948.67403849274	1948.89687606231	581.221815478475	3176.13956313934	457_1945_2
65	Spectrogram 1	1	1949.13422773807	1949.34693052536	531.637399918076	3192.66770165947	457_1945_3
66	Spectrogram 1	1	1949.63635336703	1949.85130832816	680.390646599272	3523.23047206213	457_1945_4
67	Spectrogram 1	1	1950.15333866042	1950.40002958204	515.109261397944	3457.1179179816	457_1950_1
68	Spectrogram 1	1	1950.65689707153	1950.90811428545	630.806231038874	3506.702333542	457_1950_2
69	Spectrogram 1	1	1951.18652243829	1951.428658371	564.693676958342	3308.3646713004	457_1950_3
70	Spectrogram 1	1	1951.72895426803	1951.97225047041	564.693676958342	3308.3646713004	457_1950_4
71	Spectrogram 1	1	1954.18098379004	1954.39808926295	515.109261397944	3192.66770165947	457_1950_5
72	Spectrogram 1	1	1954.66041239761	1954.8853620111	663.862508079139	3357.9490868608	457_1950_6
73	Spectrogram 1	1	1955.15844045397	1955.35081637085	630.806231038874	3027.38631645814	457_1955_1
74	Spectrogram 1	1	1962.12594183909	1962.40634550873	548.165538438209	2432.37332973336	457_1960_1
75	Spectrogram 1	1	1962.70105717608	1962.88852200687	564.693676958342	2366.26077565283	457_1960_2
76	Spectrogram 1	1	2155.07632261218	2155.3147193238	482.052984357678	2680.29540753535	457_2155_1
77	Spectrogram 1	1	2155.65044057208	2155.8741019871	465.524845837545	2762.93610013602	457_2155_2
78	Spectrogram 1	1	2156.18541304874	2156.4298408242	597.749953998608	2812.52051569641	457_2155_3
79	Spectrogram 1	1	2156.80332497741	2157.04888432595	663.862508079139	2812.52051569641	457_2155_4
80	Spectrogram 1	1	2157.46563818549	2157.69041469661	663.862508079139	2680.29540753535	457_2155_5
81	Spectrogram 1	1	2158.16500695832	2158.39585585686	531.637399918076	2465.42960677362	457_2155_6
82	Spectrogram 1	1	2162.09268998135	2162.30557887316	531.637399918076	2481.95774529376	457_2160_1
83	Spectrogram 1	1	2162.68845962706	2162.91212104208	531.637399918076	2531.54216085416	457_2160_2
84	Spectrogram 1	1	2163.28357064541	2163.50611696432	531.637399918076	2647.23913049509	457_2160_3
85	Spectrogram 1	1	2163.9385032528	2164.16471908312	465.524845837545	2531.54216085416	457_2160_4
86	Spectrogram 1	1	2170.83890591342	2171.22234572724	465.524845837545	2647.23913049509	457_2170_1
87	Spectrogram 1	1	2171.73702290727	2172.11543033312	531.637399918076	2267.09194453203	457_2170_2
88	Spectrogram 1	1	2172.7300488289	2173.10719815775	448.996707317412	2300.14822157229	457_2170_3
89	Spectrogram 1	1	2184.55619187836	2184.96167243717	498.58112287781	2300.14822157229	457_2180_1
90	Spectrogram 1	1	2185.58175287445	2185.99660067375	564.693676958342	2614.18285345482	457_2185_1
91	Spectrogram 1	1	2202.17512627294	2202.53134497116	515.109261397944	2333.20449861256	457_2200_1
92	Spectrogram 1	1	2203.11590490121	2203.48001498453	515.109261397944	2382.78891417296	457_2200_2
93	Spectrogram 1	1	2203.99523132576	2204.38698872997	581.221815478475	2333.20449861256	457_2200_3
94	Spectrogram 1	1	2216.22531101674	2216.63248609487	498.58112287781	2515.01402233402	457_2215_1
95	Spectrogram 1	1	2217.09295445207	2217.49045413201	465.524845837545	2448.90146825349	457_2215_2
96	Spectrogram 1	1	2218.00318774194	2218.3943142745	531.637399918076	2448.90146825349	457_2215_3
97	Spectrogram 1	1	2219.17936378277	2219.54896452966	548.165538438209	2333.20449861256	457_2215_4
98	Spectrogram 1	1	2228.664286903	2229.04426873751	432.468568797279	2448.90146825349	457_2225_1
99	Spectrogram 1	1	2229.68193553123	2230.06689025147	465.524845837545	2267.09194453203	457_2225_2
100	Spectrogram 1	1	2230.69451900802	2231.04570875269	482.052984357678	2382.78891417296	457_2230_1
101	Spectrogram 1	1	2240.14647087724	2240.52887399212	432.468568797279	2515.01402233402	457_2240_1
102	Spectrogram 1	1	2241.04426056389	2241.4229046528	548.165538438209	2316.67636009243	457_2240_2
103	Spectrogram 1	1	2241.96387888593	2242.36848435174	498.58112287781	2349.73263713269	457_2240_3
104	Spectrogram 1	1	2242.98159667057	2243.36792621076	482.052984357678	2283.62008305216	457_2240_4
105	Spectrogram 1	1	2244.03053058677	2244.3928855632	448.996707317412	2167.92311341123	457_2240_5
106	Spectrogram 1	1	2253.23642771511	2253.6448186679	465.524845837545	2349.73263713269	457_2250_1
107	Spectrogram 1	1	2254.14205279211	2254.58838208019	531.637399918076	2267.09194453203	457_2250_2
108	Spectrogram 1	1	2255.07278810768	2255.4344213928	548.165538438209	2382.78891417296	457_2255_1
109	Spectrogram 1	1	2256.14364324481	2256.40634446332	548.165538438209	2366.26077565283	457_2255_2
110	Spectrogram 1	1	2266.45117942637	2266.80655425571	349.827876196615	2465.42960677362	457_2265_1
111	Spectrogram 1	1	2267.36952988733	2267.74065592433	415.940430277146	2234.03566749176	457_2265_2
112	Spectrogram 1	1	2268.34516703372	2268.73820924409	349.827876196615	2217.50752897163	457_2265_3
113	Spectrogram 1	1	2286.10075336863	2286.47790269748	382.88415323688	2300.14822157229	457_2285_1
114	Spectrogram 1	1	2287.04468929541	2287.41806433328	399.412291757013	2316.67636009243	457_2285_2
115	Spectrogram 1	1	2287.95638928373	2288.35865271651	415.940430277146	2283.62008305216	457_2285_3
116	Spectrogram 1	1	2297.68096038976	2298.03579731427	448.996707317412	2366.26077565283	457_2295_1
117	Spectrogram 1	1	2298.57514801077	2298.92062414761	448.996707317412	2333.20449861256	457_2295_2
118	Spectrogram 1	1	2299.57221161952	2299.92830155269	498.58112287781	2250.5638060119	457_2295_3
119	Spectrogram 1	1	2309.02673660838	2309.4371817723	415.940430277146	2349.73263713269	457_2305_1
120	Spectrogram 1	1	2310.00567288367	2310.1938110671	498.58112287781	2448.90146825349	457_2310_1
121	Spectrogram 1	1	2310.97876455882	2311.44285581046	366.356014716747	2349.73263713269	457_2310_2
122	Spectrogram 1	1	2344.37229270338	2344.75724465407	531.637399918076	2415.84519121323	457_2340_1
123	Spectrogram 1	1	2345.2501783808	2345.63613438861	465.524845837545	2448.90146825349	457_2345_1
124	Spectrogram 1	1	2346.10381024946	2346.47994832107	448.996707317412	2382.78891417296	457_2345_2
125	Spectrogram 1	1	2347.02628045941	2347.39865950506	448.996707317412	2300.14822157229	457_2345_3
