Selection	View	Channel	Begin Time (s)	End Time (s)	Low Freq (Hz)	High Freq (Hz)	Annotation
1	Spectrogram 1	1	18.7855772053974	19.1498013893792	548.165538438209	2481.95774529376	463_15_1
2	Spectrogram 1	1	35.1891958518346	35.5738937626499	482.052984357678	2300.14822157229	463_35_1
3	Spectrogram 1	1	36.072645613958	36.4229799148988	366.356014716747	2184.45125193136	463_35_2
4	Spectrogram 1	1	45.1026950590325	45.4873929698478	415.940430277146	2399.31705269309	463_45_1
5	Spectrogram 1	1	45.9410568003677	46.3101599341616	415.940430277146	2184.45125193136	463_45_2
6	Spectrogram 1	1	46.7963386727689	47.1681922196796	0	4000	463_45_3
7	Spectrogram 1	1	47.591766121687	47.947984819905	448.996707317412	2200.9793904515	463_45_4
8	Spectrogram 1	1	48.5389810700796	48.8762378891983	432.468568797279	2250.5638060119	463_45_5
9	Spectrogram 1	1	55.3112257203721	55.707711589652	482.052984357678	2399.31705269309	463_55_1
10	Spectrogram 1	1	55.9688746425845	56.5339384931497	366.356014716747	2498.48588381389	463_55_2
11	Spectrogram 1	1	57.0160469897365	57.4023765299285	366.356014716747	2316.67636009243	463_55_3
12	Spectrogram 1	1	57.877321688355	58.2719756721386	333.299737676482	2300.14822157229	463_55_4
13	Spectrogram 1	1	59.3548817494535	59.7254428701686	448.996707317412	2267.09194453203	463_55_5
14	Spectrogram 1	1	68.1419106862923	68.7376577017335	333.299737676482	2531.54216085416	463_65_1
15	Spectrogram 1	1	69.0698349244373	69.6641118163314	382.88415323688	2531.54216085416	463_65_2
16	Spectrogram 1	1	83.3094941253693	83.9268971918206	399.412291757013	2481.95774529376	463_80_1
17	Spectrogram 1	1	84.5002854064287	85.1239027525213	382.88415323688	2432.37332973336	463_80_2
18	Spectrogram 1	1	101.81555378762	102.404688698734	515.109261397944	2415.84519121323	463_100_1
19	Spectrogram 1	1	110.773406786264	111.36458169014	448.996707317412	2448.90146825349	463_110_1
20	Spectrogram 1	1	113.850632391042	114.436241810135	482.052984357678	2399.31705269309	463_110_2
21	Spectrogram 1	1	138.411916485514	138.632383732958	415.940430277146	2895.16120829708	463_135_1
22	Spectrogram 1	1	138.939904931283	139.147415609941	548.165538438209	2829.04865421655	463_135_2
23	Spectrogram 1	1	139.460667212627	139.668177891285	581.221815478475	2812.52051569641	463_135_3
24	Spectrogram 1	1	140.011133228696	140.255366449731	548.165538438209	2729.87982309575	463_140_1
25	Spectrogram 1	1	140.50994085589	140.742523039728	498.58112287781	2729.87982309575	463_140_2
26	Spectrogram 1	1	141.061801096411	141.314168064304	465.524845837545	2746.40796161588	463_140_3
27	Spectrogram 1	1	141.645398218069	141.882874917587	515.109261397944	2614.18285345482	463_140_4
28	Spectrogram 1	1	142.226478682051	142.451255193172	432.468568797279	2647.23913049509	463_140_5
29	Spectrogram 1	1	142.968169144731	143.196480532751	366.356014716747	2581.12657641455	463_140_6
30	Spectrogram 1	1	156.251697073682	156.493678120878	581.221815478475	2729.87982309575	463_155_1
31	Spectrogram 1	1	156.810240332703	157.053536535087	498.58112287781	2564.59843789442	463_155_2
32	Spectrogram 1	1	157.383406659516	157.613959230558	531.637399918076	2663.76726901522	463_155_3
33	Spectrogram 1	1	157.980802615623	158.231245507526	465.524845837545	2515.01402233402	463_155_4
34	Spectrogram 1	1	158.646648766785	158.865849797394	482.052984357678	2498.48588381389	463_155_5
35	Spectrogram 1	1	175.346715096499	175.59114287196	482.052984357678	2581.12657641455	463_175_1
36	Spectrogram 1	1	175.918763206442	176.159618166718	548.165538438209	2597.65471493469	463_175_2
37	Spectrogram 1	1	176.523926765724	176.761202885832	465.524845837545	2614.18285345482	463_175_3
38	Spectrogram 1	1	177.179580319544	177.410132890586	564.693676958342	2432.37332973336	463_175_4
39	Spectrogram 1	1	192.853183687353	193.235704604137	482.052984357678	2581.12657641455	463_190_1
40	Spectrogram 1	1	193.574166592011	194.077783483862	448.996707317412	2498.48588381389	463_190_2
41	Spectrogram 1	1	194.474202110765	195.05039078383	482.052984357678	2465.42960677362	463_190_3
42	Spectrogram 1	1	201.693851120494	202.222100680559	564.693676958342	2647.23913049509	463_200_1
43	Spectrogram 1	1	206.401591579588	206.981485337386	531.637399918076	2300.14822157229	463_205_1
44	Spectrogram 1	1	217.821557908379	218.335951816779	432.468568797279	2531.54216085416	463_215_1
45	Spectrogram 1	1	218.862315276608	219.343303090531	515.109261397944	2399.31705269309	463_215_2
46	Spectrogram 1	1	241.431608999748	242.019994064681	382.88415323688	2481.95774529376	463_240_1
47	Spectrogram 1	1	242.405301571247	242.987716460879	382.88415323688	2432.37332973336	463_240_2
48	Spectrogram 1	1	243.378944062297	243.956978944808	415.940430277146	2498.48588381389	463_240_3
49	Spectrogram 1	1	244.59755279284	245.114014467363	498.58112287781	2564.59843789442	463_240_4
50	Spectrogram 1	1	246.774895451502	247.420333319804	498.58112287781	2217.50752897163	463_245_1
51	Spectrogram 1	1	253.729515415278	254.319497900844	498.58112287781	2448.90146825349	463_250_1
52	Spectrogram 1	1	265.459919997094	266.093747370674	415.940430277146	2564.59843789442	463_265_1
53	Spectrogram 1	1	268.191451605687	268.829101184399	448.996707317412	2382.78891417296	463_265_2
54	Spectrogram 1	1	269.567491880221	270.028723034023	465.524845837545	2498.48588381389	463_265_3
55	Spectrogram 1	1	280.647352620252	281.266376068816	482.052984357678	2581.12657641455	463_280_1
56	Spectrogram 1	1	317.959622654537	318.562140642503	498.58112287781	2680.29540753535	463_315_1
57	Spectrogram 1	1	334.778920591088	335.095303237704	382.88415323688	2928.21748533734	463_335_1
58	Spectrogram 1	1	335.883011200317	336.452012867822	432.468568797279	2994.33003941788	463_335_2
59	Spectrogram 1	1	402.780067798571	403.376669455484	581.221815478475	3126.55514757894	463_400_1
60	Spectrogram 1	1	420.066033059532	420.534187042229	515.109261397944	2829.04865421655	463_420_1
61	Spectrogram 1	1	447.865472565809	448.25986975367	399.412291757013	2515.01402233402	463_445_1
62	Spectrogram 1	1	458.639453996216	459.152990464676	465.524845837545	3159.6114246192	463_455_1
63	Spectrogram 1	1	498.451077393081	498.66594168297	564.693676958342	2663.76726901522	463_495_1
64	Spectrogram 1	1	499.052884483448	499.263266407292	614.278092518741	2829.04865421655	463_495_2
65	Spectrogram 1	1	499.564278984548	499.776902091414	614.278092518741	2762.93610013602	463_495_3
66	Spectrogram 1	1	500.080054281883	500.31865706832	564.693676958342	2779.46423865615	463_500_1
67	Spectrogram 1	1	500.594928423759	500.836909470955	581.221815478475	2597.65471493469	463_500_2
68	Spectrogram 1	1	553.547607104152	553.819628702047	548.165538438209	2663.76726901522	463_550_1
69	Spectrogram 1	1	569.314434177646	569.548145398727	597.749953998608	2581.12657641455	463_565_1
70	Spectrogram 1	1	569.90510728992	570.182735364479	597.749953998608	2680.29540753535	463_565_2
71	Spectrogram 1	1	570.446756028899	570.734968006178	581.221815478475	2696.82354605548	463_570_1
72	Spectrogram 1	1	571.005131519204	571.187056116378	564.693676958342	2779.46423865615	463_570_2
73	Spectrogram 1	1	599.710142098635	599.950573738415	597.749953998608	2696.82354605548	463_595_1
74	Spectrogram 1	1	600.309199901598	600.520296761694	597.749953998608	2696.82354605548	463_600_1
75	Spectrogram 1	1	605.221871657372	605.495971829084	597.749953998608	2630.71099197495	463_605_1
76	Spectrogram 1	1	605.830081124551	606.113419357625	531.637399918076	2581.12657641455	463_605_2
77	Spectrogram 1	1	606.429233472675	606.725694290631	515.109261397944	2581.12657641455	463_605_3
78	Spectrogram 1	1	607.088882945181	607.356046987226	630.806231038874	2564.59843789442	463_605_4
79	Spectrogram 1	1	607.708480196745	607.956637960861	515.109261397944	2531.54216085416	463_605_5
80	Spectrogram 1	1	608.44191766924	608.671511760321	498.58112287781	2382.78891417296	463_605_6
81	Spectrogram 1	1	650.306551949186	650.568033034657	581.221815478475	2564.59843789442	463_650_1
82	Spectrogram 1	1	651.056909748353	651.287261739986	581.221815478475	2548.07029937429	463_650_2
83	Spectrogram 1	1	652.350276021421	652.585500547099	531.637399918076	2581.12657641455	463_650_3
84	Spectrogram 1	1	653.08237205964	653.300457994146	515.109261397944	2597.65471493469	463_650_4
85	Spectrogram 1	1	661.156996958583	661.414668167346	597.749953998608	2581.12657641455	463_660_1
86	Spectrogram 1	1	698.811105643587	699.089150173197	647.334369559006	2647.23913049509	463_695_1
87	Spectrogram 1	1	714.315839807938	714.52277478142	581.221815478475	2614.18285345482	463_710_1
88	Spectrogram 1	1	714.832252024204	715.033510829378	531.637399918076	2729.87982309575	463_710_2
89	Spectrogram 1	1	715.345280305775	715.568340807196	597.749953998608	2729.87982309575	463_715_1
90	Spectrogram 1	1	715.855878956817	716.078939458238	597.749953998608	2795.99237717628	463_715_2
91	Spectrogram 1	1	716.44146538225	716.669587181678	531.637399918076	2713.35168457562	463_715_3
92	Spectrogram 1	1	721.751639126158	721.979950514178	597.749953998608	2548.07029937429	463_720_1
93	Spectrogram 1	1	722.27224527244	722.491446303048	581.221815478475	2581.12657641455	463_720_2
94	Spectrogram 1	1	722.802237065645	723.015301252432	564.693676958342	2548.07029937429	463_720_3
95	Spectrogram 1	1	723.35493557086	723.564667652769	581.221815478475	2564.59843789442	463_720_4
96	Spectrogram 1	1	723.989170942219	724.198903024129	581.221815478475	2481.95774529376	463_720_5
97	Spectrogram 1	1	726.952847783192	727.203680116058	531.637399918076	2481.95774529376	463_725_1
98	Spectrogram 1	1	728.968234586781	729.238980573908	614.278092518741	2597.65471493469	463_725_2
99	Spectrogram 1	1	729.624885641628	729.85573454017	597.749953998608	2515.01402233402	463_725_3
100	Spectrogram 1	1	730.267468846804	730.50250378389	448.996707317412	2415.84519121323	463_730_1
101	Spectrogram 1	1	730.889890762091	731.119127657621	531.637399918076	2465.42960677362	463_730_2
102	Spectrogram 1	1	733.178759774503	733.412858213262	564.693676958342	2382.78891417296	463_730_3
103	Spectrogram 1	1	741.512569184583	741.775544634216	531.637399918076	2564.59843789442	463_740_1
104	Spectrogram 1	1	742.031383972888	742.316505922568	614.278092518741	2680.29540753535	463_740_2
105	Spectrogram 1	1	742.631329213787	742.876454509391	515.109261397944	2597.65471493469	463_740_3
106	Spectrogram 1	1	743.357658921118	743.571833809532	581.221815478475	2614.18285345482	463_740_4
107	Spectrogram 1	1	751.636118355109	751.871342880788	614.278092518741	2564.59843789442	463_750_1
108	Spectrogram 1	1	753.846979521847	754.067644262701	515.109261397944	2548.07029937429	463_750_2
109	Spectrogram 1	1	757.808995434478	758.035318040714	581.221815478475	2531.54216085416	463_755_1
110	Spectrogram 1	1	758.305484187786	758.516879545678	597.749953998608	2630.71099197495	463_755_2
111	Spectrogram 1	1	758.799273055238	759.003451629018	465.524845837545	2663.76726901522	463_755_3
112	Spectrogram 1	1	759.303816251144	759.505773421672	630.806231038874	2647.23913049509	463_755_4
113	Spectrogram 1	1	759.796842407352	760.006387386701	581.221815478475	2614.18285345482	463_755_5
114	Spectrogram 1	1	760.321008327249	760.549130126677	614.278092518741	2663.76726901522	463_760_1
115	Spectrogram 1	1	760.871613194592	761.094159513508	647.334369559006	2663.76726901522	463_760_2
116	Spectrogram 1	1	1882.51071099173	1882.87653744764	382.88415323688	2366.26077565283	463_1880_1
117	Spectrogram 1	1	1883.30387216201	1883.67332999345	432.468568797279	2399.31705269309	463_1880_2
118	Spectrogram 1	1	1884.10148630846	1884.4928760387	448.996707317412	2349.73263713269	463_1880_3
119	Spectrogram 1	1	1905.34045672125	1905.73694259053	482.052984357678	2366.26077565283	463_1905_1
120	Spectrogram 1	1	1906.14277147908	1906.54737694489	465.524845837545	2300.14822157229	463_1905_2
121	Spectrogram 1	1	1906.99437201027	1907.41284952502	465.524845837545	2366.26077565283	463_1905_3
122	Spectrogram 1	1	2155.69648115701	2156.09525546643	498.58112287781	2283.62008305216	463_2155_1
123	Spectrogram 1	1	2156.4929580592	2156.90369620695	498.58112287781	2349.73263713269	463_2155_2
124	Spectrogram 1	1	2157.33378961975	2157.74938581995	432.468568797279	2250.5638060119	463_2155_3
125	Spectrogram 1	1	2171.03851184455	2171.45211095348	482.052984357678	2316.67636009243	463_2170_1
126	Spectrogram 1	1	2171.86543615867	2172.27585242751	448.996707317412	2300.14822157229	463_2170_2
127	Spectrogram 1	1	2333.7678103136	2334.22765012341	548.165538438209	2316.67636009243	463_2330_1
128	Spectrogram 1	1	2334.58922832843	2335.05069683699	581.221815478475	2283.62008305216	463_2330_2
129	Spectrogram 1	1	2335.48599079511	2335.90344127169	415.940430277146	2316.67636009243	463_2335_1
130	Spectrogram 1	1	2391.47707538828	2391.8742888077	399.412291757013	2448.90146825349	463_2390_1
131	Spectrogram 1	1	2392.27985195441	2392.67382147364	382.88415323688	2267.09194453203	463_2390_2
132	Spectrogram 1	1	2393.15499828106	2393.56152960137	465.524845837545	2267.09194453203	463_2390_3
133	Spectrogram 1	1	2487.83029289184	2488.22590471453	482.052984357678	2250.5638060119	463_2485_1
134	Spectrogram 1	1	2488.62278824968	2489.02062745241	531.637399918076	2217.50752897163	463_2485_2
135	Spectrogram 1	1	2489.47390110117	2489.87045040941	498.58112287781	2217.50752897163	463_2485_3
136	Spectrogram 1	1	2652.28565143265	2652.67997844918	482.052984357678	2250.5638060119	463_2650_1
137	Spectrogram 1	1	2653.12462451789	2653.51895153442	531.637399918076	2200.9793904515	463_2650_2
138	Spectrogram 1	1	2653.98197580792	2654.38943952543	482.052984357678	2267.09194453203	463_2650_3
139	Spectrogram 1	1	2721.85909086497	2722.25886372003	498.58112287781	2267.09194453203	463_2720_1
140	Spectrogram 1	1	2722.63510427572	2723.03165358396	415.940430277146	2250.5638060119	463_2720_2
141	Spectrogram 1	1	2723.52353037191	2723.93489430297	465.524845837545	2250.5638060119	463_2720_3
142	Spectrogram 1	1	2801.15670925556	2801.55264295716	482.052984357678	2200.9793904515	463_2800_1
143	Spectrogram 1	1	2802.00014596415	2802.41056223299	465.524845837545	2200.9793904515	463_2800_2
144	Spectrogram 1	1	2802.88664958247	2803.29238801127	415.940430277146	2217.50752897163	463_2800_3
145	Spectrogram 1	1	3994.03153077294	3994.34752583877	482.052984357678	2564.59843789442	463_3990_1
146	Spectrogram 1	1	3994.66151902922	3994.99374420787	482.052984357678	2647.23913049509	463_3990_2
147	Spectrogram 1	1	3995.32628623158	3995.68995809148	482.052984357678	2515.01402233402	463_3995_1
148	Spectrogram 1	1	3996.03393124121	3996.41108057007	498.58112287781	2531.54216085416	463_3995_2
149	Spectrogram 1	1	3996.94864805636	3997.32299873308	564.693676958342	2713.35168457562	463_3995_3
150	Spectrogram 1	1	4007.48420131339	4007.81654536072	482.052984357678	2663.76726901522	463_4005_1
151	Spectrogram 1	1	4008.13109133666	4008.48771184427	597.749953998608	2812.52051569641	463_4005_2
152	Spectrogram 1	1	4008.84621121656	4009.20480716703	630.806231038874	2829.04865421655	463_4005_3
153	Spectrogram 1	1	4009.64953999412	4009.99533559988	663.862508079139	2647.23913049509	463_4005_4
154	Spectrogram 1	1	4016.17767433468	4016.55834093808	630.806231038874	2680.29540753535	463_4015_1
155	Spectrogram 1	1	4016.96150017467	4017.33837722206	581.221815478475	2614.18285345482	463_4015_2
156	Spectrogram 1	1	4017.77883100201	4018.16613364614	548.165538438209	2597.65471493469	463_4015_3
157	Spectrogram 1	1	4026.150233923	4026.49735057819	564.693676958342	2531.54216085416	463_4025_1
158	Spectrogram 1	1	4026.84192994602	4027.20104697887	482.052984357678	2614.18285345482	463_4025_2
159	Spectrogram 1	1	4027.55704724329	4027.9228736992	564.693676958342	2647.23913049509	463_4025_3
160	Spectrogram 1	1	4046.88012782264	4047.23261994001	498.58112287781	2647.23913049509	463_4045_1
161	Spectrogram 1	1	4047.57544365486	4047.93206416248	432.468568797279	2597.65471493469	463_4045_2
162	Spectrogram 1	1	4048.30935348374	4048.6606034075	548.165538438209	2564.59843789442	463_4045_3
163	Spectrogram 1	1	4049.1290376	4049.48262151586	564.693676958342	2581.12657641455	463_4045_4
164	Spectrogram 1	1	4058.73437222672	4059.06300168928	515.109261397944	2597.65471493469	463_4055_1
165	Spectrogram 1	1	4059.42971833895	4059.77635274561	515.109261397944	2713.35168457562	463_4055_2
166	Spectrogram 1	1	4060.1754666152	4060.56025576656	614.278092518741	2680.29540753535	463_4060_1
167	Spectrogram 1	1	4066.82081540274	4067.18118069821	448.996707317412	2564.59843789442	463_4065_1
168	Spectrogram 1	1	4067.65110326211	4068.01095222124	465.524845837545	2647.23913049509	463_4065_2
169	Spectrogram 1	1	4068.52190896729	4068.90316034293	498.58112287781	2548.07029937429	463_4065_3
170	Spectrogram 1	1	4079.43990687573	4079.81747381885	597.749953998608	2597.65471493469	463_4075_1
171	Spectrogram 1	1	4080.22549121344	4080.61752648485	432.468568797279	2548.07029937429	463_4080_1
172	Spectrogram 1	1	4081.22012890388	4081.58174246197	531.637399918076	2531.54216085416	463_4080_2
173	Spectrogram 1	1	4101.02560827894	4101.37888733167	531.637399918076	2498.48588381389	463_4100_1
174	Spectrogram 1	1	4101.73393040806	4102.1158601968	548.165538438209	2696.82354605548	463_4100_2
175	Spectrogram 1	1	4102.48276322281	4102.86469301154	482.052984357678	2729.87982309575	463_4100_3
176	Spectrogram 1	1	4103.23522227643	4103.61487714369	548.165538438209	2663.76726901522	463_4100_4
177	Spectrogram 1	1	4104.06677506496	4104.42882722988	564.693676958342	2498.48588381389	463_4100_5
178	Spectrogram 1	1	4104.96371641582	4105.32684177069	647.334369559006	2515.01402233402	463_4105_1
179	Spectrogram 1	1	4148.32237953532	4148.68946408822	531.637399918076	2680.29540753535	463_4145_1
180	Spectrogram 1	1	4149.0522475622	4149.41681592112	548.165538438209	2647.23913049509	463_4145_2
181	Spectrogram 1	1	4149.79813446683	4150.16658613917	614.278092518741	2729.87982309575	463_4145_3
182	Spectrogram 1	1	4296.75736585166	4297.12522072284	548.165538438209	2762.93610013602	463_4295_1
183	Spectrogram 1	1	4297.46175495222	4297.8233685103	498.58112287781	2762.93610013602	463_4295_2
184	Spectrogram 1	1	4298.19719811518	4298.56775923589	548.165538438209	2713.35168457562	463_4295_3
185	Spectrogram 1	1	4299.10628697586	4299.4705321699	597.749953998608	2597.65471493469	463_4295_4
186	Spectrogram 1	1	4324.42743204135	4324.79653862003	564.693676958342	2614.18285345482	463_4320_1
187	Spectrogram 1	1	4325.16784322008	4325.55042472917	581.221815478475	2696.82354605548	463_4325_1
188	Spectrogram 1	1	4369.41596655051	4369.81079995264	548.165538438209	2944.74562385748	463_4365_1
189	Spectrogram 1	1	4370.10392615277	4370.47256678714	482.052984357678	2696.82354605548	463_4370_1
190	Spectrogram 1	1	4370.84834049819	4371.24101774406	531.637399918076	2696.82354605548	463_4370_2
191	Spectrogram 1	1	4371.89522900034	4372.30368888463	564.693676958342	2630.71099197495	463_4370_3
192	Spectrogram 1	1	6237.6727639592	6238.0075558193	597.749953998608	2829.04865421655	463_6235_1
193	Spectrogram 1	1	6238.30673515124	6238.64107525903	531.637399918076	2729.87982309575	463_6235_2
194	Spectrogram 1	1	6238.96814574445	6239.31797063435	482.052984357678	2630.71099197495	463_6235_3
195	Spectrogram 1	1	6239.67589268858	6240.04458944889	531.637399918076	2795.99237717628	463_6235_4
196	Spectrogram 1	1	6240.50471979471	6240.80354727374	531.637399918076	2762.93610013602	463_6240_1
197	Spectrogram 1	1	6525.31683882693	6525.68175288046	531.637399918076	2680.29540753535	463_6525_1
198	Spectrogram 1	1	6526.00642242227	6526.35846899549	548.165538438209	2795.99237717628	463_6525_2
199	Spectrogram 1	1	6526.68428404014	6527.05039804253	548.165538438209	2746.40796161588	463_6525_3
200	Spectrogram 1	1	6527.6321063885	6527.99541665042	581.221815478475	2729.87982309575	463_6525_4
201	Spectrogram 1	1	6602.89098129711	6603.24471560809	531.637399918076	2614.18285345482	463_6600_1
202	Spectrogram 1	1	6603.55999435349	6603.89804647096	531.637399918076	2696.82354605548	463_6600_2
203	Spectrogram 1	1	6604.30753556803	6604.6922889532	597.749953998608	2680.29540753535	463_6600_3
204	Spectrogram 1	1	6611.22770657518	6611.59507358623	564.693676958342	2614.18285345482	463_6610_1
205	Spectrogram 1	1	6611.91060786336	6612.28748491075	548.165538438209	2581.12657641455	463_6610_2
206	Spectrogram 1	1	6612.64856454918	6613.04065909733	482.052984357678	2597.65471493469	463_6610_3
207	Spectrogram 1	1	6613.48073484351	6613.84781939641	614.278092518741	2548.07029937429	463_6610_4
208	Spectrogram 1	1	6614.35993449079	6614.72417968483	498.58112287781	2481.95774529376	463_6610_5
209	Spectrogram 1	1	6626.03336158004	6626.41428519988	432.468568797279	2481.95774529376	463_6625_1
210	Spectrogram 1	1	6626.80386021538	6627.1679702987	515.109261397944	2630.71099197495	463_6625_2
211	Spectrogram 1	1	6627.56471459991	6627.94060583177	564.693676958342	2548.07029937429	463_6625_3
212	Spectrogram 1	1	6628.45003430412	6628.83223843034	498.58112287781	2531.54216085416	463_6625_4
213	Spectrogram 1	1	6635.61557842873	6635.99171650034	531.637399918076	2515.01402233402	463_6635_1
214	Spectrogram 1	1	6636.46564679241	6636.84757658114	482.052984357678	2498.48588381389	463_6635_2
215	Spectrogram 1	1	6637.40581662796	6637.773183639	498.58112287781	2382.78891417296	463_6635_3
216	Spectrogram 1	1	6638.39856095133	6638.73540483848	548.165538438209	2316.67636009243	463_6635_4
217	Spectrogram 1	1	6644.22929536254	6644.55062357761	465.524845837545	2465.42960677362	463_6640_1
218	Spectrogram 1	1	6645.07219535411	6645.40397606404	564.693676958342	2300.14822157229	463_6645_1
219	Spectrogram 1	1	6652.7362068299	6653.1048268496	498.58112287781	2333.20449861256	463_6650_1
220	Spectrogram 1	1	6653.84218473141	6654.17327915298	448.996707317412	2300.14822157229	463_6650_2
221	Spectrogram 1	1	6654.76137565977	6654.90331745567	515.109261397944	2399.31705269309	463_6655_1
222	Spectrogram 1	1	6665.53898892404	6665.89596541529	432.468568797279	2349.73263713269	463_6665_1
223	Spectrogram 1	1	6666.34858135364	6666.7085266327	548.165538438209	2300.14822157229	463_6665_2
224	Spectrogram 1	1	6667.17571376229	6667.53607905775	465.524845837545	2217.50752897163	463_6665_3
225	Spectrogram 1	1	6668.03275969846	6668.39394717113	482.052984357678	2184.45125193136	463_6665_4
226	Spectrogram 1	1	6674.91938983409	6675.19389500236	482.052984357678	2481.95774529376	463_6675_1
227	Spectrogram 1	1	6675.85406950947	6676.23373503231	548.165538438209	2366.26077565283	463_6675_2
228	Spectrogram 1	1	6676.8691823935	6677.20396954774	465.524845837545	2250.5638060119	463_6675_3
229	Spectrogram 1	1	6696.46329206983	6696.81239996952	482.052984357678	2250.5638060119	463_6695_1
230	Spectrogram 1	1	6697.33771096184	6697.70006593827	482.052984357678	2250.5638060119	463_6695_2
231	Spectrogram 1	1	6698.25323892294	6698.59995239635	531.637399918076	2250.5638060119	463_6695_3
232	Spectrogram 1	1	6699.22199993029	6699.56988259957	465.524845837545	2283.62008305216	463_6695_4
233	Spectrogram 1	1	6710.72623587875	6711.10237395036	482.052984357678	2333.20449861256	463_6710_1
234	Spectrogram 1	1	6711.63400425333	6712.0018591245	531.637399918076	2333.20449861256	463_6710_2
235	Spectrogram 1	1	6712.5990395427	6712.97367267757	432.468568797279	2283.62008305216	463_6710_3
236	Spectrogram 1	1	6724.54453249088	6724.87076877095	482.052984357678	2250.5638060119	463_6720_1
237	Spectrogram 1	1	6725.5354723249	6725.90287076565	482.052984357678	2234.03566749176	463_6725_1
238	Spectrogram 1	1	6726.47244898987	6726.84984007014	448.996707317412	2267.09194453203	463_6725_2
239	Spectrogram 1	1	6727.42222547944	6727.80474639622	465.524845837545	2234.03566749176	463_6725_3
240	Spectrogram 1	1	6736.20240371137	6736.56149055039	366.356014716747	2465.42960677362	463_6735_1
241	Spectrogram 1	1	6737.21310584692	6737.59174993584	482.052984357678	2548.07029937429	463_6735_2
242	Spectrogram 1	1	6738.2085331995	6738.59232365742	482.052984357678	2415.84519121323	463_6735_3
243	Spectrogram 1	1	6739.42132973811	6739.8048084938	432.468568797279	2630.71099197495	463_6735_4
244	Spectrogram 1	1	6746.9925292633	6747.40432432342	581.221815478475	2448.90146825349	463_6745_1
245	Spectrogram 1	1	6748.04253352229	6748.50273478968	515.109261397944	2597.65471493469	463_6745_2
246	Spectrogram 1	1	6757.82086702843	6758.21040214094	482.052984357678	2515.01402233402	463_6755_1
247	Spectrogram 1	1	6758.81685144988	6759.22301509621	465.524845837545	2415.84519121323	463_6755_2
248	Spectrogram 1	1	6759.84981506748	6760.14055109241	415.940430277146	2630.71099197495	463_6760_1
249	Spectrogram 1	1	6764.14034403003	6764.52603998909	432.468568797279	2382.78891417296	463_6760_2
250	Spectrogram 1	1	6765.17059841713	6765.60773936802	564.693676958342	2382.78891417296	463_6765_1
251	Spectrogram 1	1	6777.3255755914	6777.7147633833	382.88415323688	2432.37332973336	463_6775_1
252	Spectrogram 1	1	6778.33430982695	6778.72512465728	498.58112287781	2382.78891417296	463_6775_2
253	Spectrogram 1	1	6779.42257434989	6779.80605310558	548.165538438209	2415.84519121323	463_6775_3
254	Spectrogram 1	1	6790.61323099469	6791.01812272102	432.468568797279	2366.26077565283	463_6790_1
255	Spectrogram 1	1	6791.62070535343	6792.01310651547	432.468568797279	2399.31705269309	463_6790_2
256	Spectrogram 1	1	6792.71716122203	6793.1166274632	465.524845837545	2432.37332973336	463_6790_3
257	Spectrogram 1	1	6798.94967292767	6799.3255039065	399.412291757013	2448.90146825349	463_6795_1
258	Spectrogram 1	1	6799.99603710704	6800.41220582829	448.996707317412	2432.37332973336	463_6800_1
259	Spectrogram 1	1	6808.54050153793	6808.90035049705	448.996707317412	2432.37332973336	463_6805_1
260	Spectrogram 1	1	6809.52996200086	6809.91693767774	465.524845837545	2448.90146825349	463_6805_2
261	Spectrogram 1	1	6828.75774806154	6829.13138219037	548.165538438209	2465.42960677362	463_6825_1
262	Spectrogram 1	1	6829.79493089345	6830.15270398786	498.58112287781	2415.84519121323	463_6825_2
263	Spectrogram 1	1	6846.46751541102	6846.86472883044	448.996707317412	2448.90146825349	463_6845_1
264	Spectrogram 1	1	6847.58230945534	6847.98563011499	498.58112287781	2448.90146825349	463_6845_2
265	Spectrogram 1	1	6899.39538594689	6899.78649510617	498.58112287781	2515.01402233402	463_6895_1
266	Spectrogram 1	1	6900.4747199008	6900.88446459125	448.996707317412	2415.84519121323	463_6900_1
267	Spectrogram 1	1	6917.33211875595	6917.75493657991	531.637399918076	2498.48588381389	463_6915_1
268	Spectrogram 1	1	6918.33361492656	6918.68718802791	482.052984357678	2498.48588381389	463_6915_2
269	Spectrogram 1	1	6919.36921385008	6919.79096128943	548.165538438209	2564.59843789442	463_6915_3
270	Spectrogram 1	1	6932.89484655378	6933.25707357637	515.109261397944	2465.42960677362	463_6930_1
271	Spectrogram 1	1	6933.93427631709	6934.31536579844	531.637399918076	2432.37332973336	463_6930_2
272	Spectrogram 1	1	6960.36344946532	6960.78552057973	399.412291757013	2432.37332973336	463_6960_1
273	Spectrogram 1	1	6961.47895705862	6961.87489076022	498.58112287781	2498.48588381389	463_6960_2
274	Spectrogram 1	1	6962.57414062706	6962.97360686823	531.637399918076	2548.07029937429	463_6960_3
275	Spectrogram 1	1	6976.20880603993	6976.60375646092	548.165538438209	2415.84519121323	463_6975_1
276	Spectrogram 1	1	6977.2321811763	6977.62330770886	498.58112287781	2432.37332973336	463_6975_2
277	Spectrogram 1	1	6984.05218266415	6984.52225481601	448.996707317412	2382.78891417296	463_6980_1
278	Spectrogram 1	1	6985.15098308542	6985.57087593972	515.109261397944	2399.31705269309	463_6985_1
279	Spectrogram 1	1	7012.39921849211	7012.62399500323	515.109261397944	2515.01402233402	463_7010_1
280	Spectrogram 1	1	7012.91729257901	7013.129803033	597.749953998608	2597.65471493469	463_7010_2
281	Spectrogram 1	1	7013.41417983996	7013.62557519785	614.278092518741	2581.12657641455	463_7010_3
282	Spectrogram 1	1	7013.93487050045	7014.14973479034	597.749953998608	2663.76726901522	463_7010_4
283	Spectrogram 1	1	7014.4693547844	7014.69115109834	663.862508079139	2630.71099197495	463_7010_5
284	Spectrogram 1	1	7015.06721345155	7015.292581746	614.278092518741	2564.59843789442	463_7015_1
285	Spectrogram 1	1	7020.67170189364	7020.89698379831	515.109261397944	2465.42960677362	463_7020_1
286	Spectrogram 1	1	7021.2126324303	7021.43406365312	564.693676958342	2481.95774529376	463_7020_2
287	Spectrogram 1	1	7021.78122417857	7022.0082308819	564.693676958342	2366.26077565283	463_7020_3
288	Spectrogram 1	1	7022.33068078757	7022.56347454164	614.278092518741	2498.48588381389	463_7020_4
289	Spectrogram 1	1	7023.00707602077	7023.22680441731	630.806231038874	2729.87982309575	463_7020_5
290	Spectrogram 1	1	7032.4141507713	7032.63112160971	630.806231038874	2465.42960677362	463_7030_1
291	Spectrogram 1	1	7032.96572539146	7033.18158113376	614.278092518741	2498.48588381389	463_7030_2
292	Spectrogram 1	1	7033.50862174313	7033.72168592992	597.749953998608	2465.42960677362	463_7030_3
293	Spectrogram 1	1	7034.05297259977	7034.27217363038	531.637399918076	2465.42960677362	463_7030_4
294	Spectrogram 1	1	7034.65797413975	7034.87829026646	432.468568797279	2663.76726901522	463_7030_5
295	Spectrogram 1	1	7035.29565524954	7035.55824716247	581.221815478475	2531.54216085416	463_7035_1
296	Spectrogram 1	1	7050.67631201581	7050.90270462211	548.165538438209	2498.48588381389	463_7050_1
297	Spectrogram 1	1	7051.21946835021	7051.44982034184	515.109261397944	2746.40796161588	463_7050_2
298	Spectrogram 1	1	7051.75737113056	7051.9899533144	531.637399918076	2630.71099197495	463_7050_3
299	Spectrogram 1	1	7052.30434002303	7052.53023163025	548.165538438209	2481.95774529376	463_7050_4
300	Spectrogram 1	1	7052.90288103368	7053.12558946415	581.221815478475	2597.65471493469	463_7050_5
301	Spectrogram 1	1	7053.59846248785	7053.8200503268	548.165538438209	2548.07029937429	463_7050_6
302	Spectrogram 1	1	7061.67029833419	7061.8894993648	564.693676958342	2548.07029937429	463_7060_1
303	Spectrogram 1	1	7062.18405737997	7062.40325841058	515.109261397944	2862.10493125681	463_7060_2
304	Spectrogram 1	1	7062.72530544863	7062.94116119093	564.693676958342	2795.99237717628	463_7060_3
305	Spectrogram 1	1	7063.24270046929	7063.45744111549	564.693676958342	2614.18285345482	463_7060_4
306	Spectrogram 1	1	7063.8343119483	7064.05602343095	515.109261397944	2597.65471493469	463_7060_5
307	Spectrogram 1	1	7064.48775520847	7064.69580527805	515.109261397944	2448.90146825349	463_7060_6
308	Spectrogram 1	1	7079.12841652508	7079.35125409464	564.693676958342	2647.23913049509	463_7075_1
309	Spectrogram 1	1	7079.69132932973	7079.90606997593	647.334369559006	2647.23913049509	463_7075_2
310	Spectrogram 1	1	7080.24234436859	7080.48746462927	531.637399918076	2795.99237717628	463_7080_1
311	Spectrogram 1	1	7080.76753956655	7081.00593627817	614.278092518741	2862.10493125681	463_7080_2
312	Spectrogram 1	1	7081.34911675117	7081.59693924586	597.749953998608	2680.29540753535	463_7080_3
313	Spectrogram 1	1	7082.05260160446	7082.28539535853	548.165538438209	2465.42960677362	463_7080_4
314	Spectrogram 1	1	7090.85795215582	7091.09074590988	531.637399918076	2432.37332973336	463_7090_1
315	Spectrogram 1	1	7091.39206281698	7091.6179544242	614.278092518741	2614.18285345482	463_7090_2
316	Spectrogram 1	1	7091.92102265709	7092.15157522814	614.278092518741	2630.71099197495	463_7090_3
317	Spectrogram 1	1	7092.51374714913	7092.74317912866	647.334369559006	2597.65471493469	463_7090_4
318	Spectrogram 1	1	7093.06546938545	7093.29281130269	614.278092518741	2597.65471493469	463_7090_5
319	Spectrogram 1	1	7093.69731543553	7093.90688870869	548.165538438209	2531.54216085416	463_7090_6
320	Spectrogram 1	1	7104.58032086443	7104.79518515432	515.109261397944	2481.95774529376	463_7100_1
321	Spectrogram 1	1	7105.1115680389	7105.34749551105	548.165538438209	2581.12657641455	463_7105_1
322	Spectrogram 1	1	7105.71493156085	7105.95220768096	564.693676958342	2564.59843789442	463_7105_2
323	Spectrogram 1	1	7106.35454323479	7106.58397521432	630.806231038874	2448.90146825349	463_7105_3
324	Spectrogram 1	1	7107.03820271122	7107.26126321264	482.052984357678	2481.95774529376	463_7105_4
325	Spectrogram 1	1	7121.89690109394	7122.11721722065	465.524845837545	2432.37332973336	463_7120_1
326	Spectrogram 1	1	7122.4564267301	7122.68120324122	548.165538438209	2812.52051569641	463_7120_2
327	Spectrogram 1	1	7123.0081867224	7123.22458301406	581.221815478475	2696.82354605548	463_7120_3
328	Spectrogram 1	1	7123.53441283455	7123.76160363106	630.806231038874	2779.46423865615	463_7120_4
329	Spectrogram 1	1	7124.09981240608	7124.32377606257	515.109261397944	2862.10493125681	463_7120_5
330	Spectrogram 1	1	7124.69884918572	7124.90510684022	515.109261397944	2498.48588381389	463_7120_6
331	Spectrogram 1	1	7125.35048393856	7125.61035344916	581.221815478475	2515.01402233402	463_7125_1
332	Spectrogram 1	1	7140.25167899584	7140.4970383038	597.749953998608	2581.12657641455	463_7140_1
333	Spectrogram 1	1	7140.80074391783	7141.03914062945	597.749953998608	2614.18285345482	463_7140_2
334	Spectrogram 1	1	7141.3556638263	7141.59181935489	581.221815478475	2663.76726901522	463_7140_3
335	Spectrogram 1	1	7141.97374852904	7142.21102464915	614.278092518741	2614.18285345482	463_7140_4
336	Spectrogram 1	1	7142.59721713286	7142.82645402839	564.693676958342	2531.54216085416	463_7140_5
337	Spectrogram 1	1	7153.19269841691	7153.40354120045	597.749953998608	2481.95774529376	463_7150_1
338	Spectrogram 1	1	7153.72791811844	7153.94278240833	663.862508079139	2498.48588381389	463_7150_2
339	Spectrogram 1	1	7154.25659295718	7154.47593961311	597.749953998608	2564.59843789442	463_7150_3
340	Spectrogram 1	1	7154.79944736075	7155.0181166948	597.749953998608	2498.48588381389	463_7150_4
341	Spectrogram 1	1	7155.36834764565	7155.61370695361	630.806231038874	2597.65471493469	463_7155_1
342	Spectrogram 1	1	7156.01351869346	7156.24610087729	564.693676958342	2481.95774529376	463_7155_2
343	Spectrogram 1	1	7167.24238071406	7167.46827232128	597.749953998608	2663.76726901522	463_7165_1
344	Spectrogram 1	1	7167.78834669146	7168.01105512193	630.806231038874	2663.76726901522	463_7165_2
345	Spectrogram 1	1	7168.33294554384	7168.55789515733	564.693676958342	2845.57679273668	463_7165_3
346	Spectrogram 1	1	7168.94649667258	7169.17395085189	581.221815478475	2862.10493125681	463_7165_4
347	Spectrogram 1	1	7169.58985744107	7169.79736811973	531.637399918076	2696.82354605548	463_7165_5
348	Spectrogram 1	1	7185.43926599136	7185.66884327415	581.221815478475	2795.99237717628	463_7185_1
349	Spectrogram 1	1	7186.09439069113	7186.34017338681	581.221815478475	2795.99237717628	463_7185_2
350	Spectrogram 1	1	7200.36261009284	7200.58678129589	564.693676958342	2647.23913049509	463_7200_1
351	Spectrogram 1	1	7200.88226167256	7201.10532217398	614.278092518741	2746.40796161588	463_7200_2
352	Spectrogram 1	1	7201.38091185596	7201.61237894369	663.862508079139	2862.10493125681	463_7200_3
353	Spectrogram 1	1	7201.93471666832	7202.15280260283	581.221815478475	2597.65471493469	463_7200_4
354	Spectrogram 1	1	7202.50234882734	7202.74562154173	581.221815478475	2696.82354605548	463_7200_5
355	Spectrogram 1	1	7203.13720476213	7203.35975108105	548.165538438209	2481.95774529376	463_7200_6
356	Spectrogram 1	1	7216.22774038154	7216.44726051065	597.749953998608	2548.07029937429	463_7215_1
357	Spectrogram 1	1	7216.73545758819	7216.96692467592	630.806231038874	2448.90146825349	463_7215_2
358	Spectrogram 1	1	7217.26191872094	7217.48558013596	614.278092518741	2614.18285345482	463_7215_3
359	Spectrogram 1	1	7217.79866774755	7218.01577322046	647.334369559006	2548.07029937429	463_7215_4
360	Spectrogram 1	1	7218.37190388116	7218.58218414295	597.749953998608	2548.07029937429	463_7215_5
361	Spectrogram 1	1	7218.94636179652	7219.16333263492	581.221815478475	2515.01402233402	463_7215_6
362	Spectrogram 1	1	7228.98567152167	7229.1876286922	564.693676958342	2647.23913049509	463_7225_1
363	Spectrogram 1	1	7229.45827849371	7229.65246075285	597.749953998608	2729.87982309575	463_7225_2
364	Spectrogram 1	1	7229.92862409454	7230.06664823298	647.334369559006	2746.40796161588	463_7230_1
365	Spectrogram 1	1	7230.40028625193	7230.62523586541	564.693676958342	2531.54216085416	463_7230_2
366	Spectrogram 1	1	7230.87511462721	7231.10342601523	581.221815478475	2696.82354605548	463_7230_3
367	Spectrogram 1	1	7231.391298398	7231.63570789408	564.693676958342	2597.65471493469	463_7230_4
368	Spectrogram 1	1	7231.89824055213	7232.13233899089	564.693676958342	2614.18285345482	463_7230_5
369	Spectrogram 1	1	7232.48614594519	7232.70757716801	581.221815478475	2597.65471493469	463_7230_6
370	Spectrogram 1	1	8384.33321852695	8384.67345659659	630.806231038874	2415.84519121323	463_8380_1
371	Spectrogram 1	1	8385.07518065296	8385.4255149539	415.940430277146	2366.26077565283	463_8385_1
372	Spectrogram 1	1	8385.80062446259	8386.15560096719	482.052984357678	2316.67636009243	463_8385_2
373	Spectrogram 1	1	8386.55370543611	8386.9153189942	448.996707317412	2399.31705269309	463_8385_3
374	Spectrogram 1	1	9959.51814750565	9960.01848546565	250.659045075817	3076.97073201854	463_9955_1
375	Spectrogram 1	1	10160.324113953	10160.8861092402	333.299737676482	3043.91445497827	463_10160_1
376	Spectrogram 1	1	10161.1568398316	10161.7985645146	366.356014716747	3225.72397869974	463_10160_2
377	Spectrogram 1	1	10363.5689750318	10364.1254436193	432.468568797279	2961.27376237761	463_10360_1
378	Spectrogram 1	1	10364.4382182251	10365.0505233381	366.356014716747	3126.55514757894	463_10360_2
