Selection	View	Channel	Begin Time (s)	End Time (s)	Low Freq (Hz)	High Freq (Hz)	Annotation
1	Spectrogram 1	1	1028.46981347271	1029.02433677873	531.637399918076	2663.76726901522	469_1025_1
2	Spectrogram 1	1	1053.93027597155	1054.30691792543	564.693676958342	2647.23913049509	469_1050_1
3	Spectrogram 1	1	1057.43122035606	1057.75412060917	564.693676958342	2498.48588381389	469_1055_1
4	Spectrogram 1	1	1626.06273160768	1626.41468338419	614.278092518741	2680.29540753535	469_1625_1
5	Spectrogram 1	1	3003.0611051407	3003.32029279872	614.278092518741	2498.48588381389	469_3000_1
6	Spectrogram 1	1	3003.62857921554	3003.84889279907	663.862508079139	2696.82354605548	469_3000_2
7	Spectrogram 1	1	4887.87501738779	4888.16318883531	432.468568797279	2564.59843789442	469_4885_1
8	Spectrogram 1	1	5333.80540831715	5334.11099849634	647.334369559006	2795.99237717628	469_5330_1
9	Spectrogram 1	1	5336.87879725181	5337.22056137896	630.806231038874	2085.28242081057	469_5335_1
10	Spectrogram 1	1	5343.98420578777	5344.32473257837	581.221815478475	2498.48588381389	469_5340_1
11	Spectrogram 1	1	5350.40715533102	5350.75415801978	515.109261397944	2465.42960677362	469_5350_1
12	Spectrogram 1	1	5353.28308902088	5353.6397095285	680.390646599272	2515.01402233402	469_5350_2
13	Spectrogram 1	1	5402.20934289865	5402.56471514365	763.031339199937	2316.67636009243	469_5400_1
14	Spectrogram 1	1	5485.13270244167	5485.47570996237	630.806231038874	2564.59843789442	469_5480_1
15	Spectrogram 1	1	5485.56938658821	5485.80862052423	713.446923639538	2515.01402233402	469_5485_1
16	Spectrogram 1	1	5485.98225224518	5486.19949529532	696.918785119405	2581.12657641455	469_5485_2
17	Spectrogram 1	1	5486.42080191633	5486.61724336596	713.446923639538	2928.21748533734	469_5485_3
18	Spectrogram 1	1	5486.88435017919	5487.09224032963	862.200170320734	2481.95774529376	469_5485_4
19	Spectrogram 1	1	5487.30637865234	5487.54070231848	796.087616240203	2481.95774529376	469_5485_5
20	Spectrogram 1	1	5487.74553792493	5487.9480835593	663.862508079139	2548.07029937429	469_5485_6
21	Spectrogram 1	1	5488.19872466338	5488.44434703957	829.143893280468	2581.12657641455	469_5485_7
22	Spectrogram 1	1	5488.62002393564	5488.90827825193	779.55947772007	2696.82354605548	469_5485_8
23	Spectrogram 1	1	5489.15932457212	5489.42906297577	812.615754760335	2465.42960677362	469_5485_9
24	Spectrogram 1	1	6065.14418861591	6065.51773360356	944.840862921399	3837.26510394465	469_6065_1
25	Spectrogram 1	1	6065.70516270555	6066.09453610076	1192.76294072339	3919.90579654532	469_6065_2
26	Spectrogram 1	1	16200.4861575434	16200.6886545529	680.390646599272	2581.12657641455	469_16200_1
27	Spectrogram 1	1	16201.0109986264	16201.2279172819	630.806231038874	2663.76726901522	469_16200_2
28	Spectrogram 1	1	16201.5576794438	16201.8089885614	531.637399918076	2630.71099197495	469_16200_3
29	Spectrogram 1	1	16206.4003507476	16206.7379300469	763.031339199937	2465.42960677362	469_16205_1
30	Spectrogram 1	1	16206.8764291869	16207.0652240702	680.390646599272	2696.82354605548	469_16205_2
31	Spectrogram 1	1	16207.2826085681	16207.5033612211	614.278092518741	2597.65471493469	469_16205_3
32	Spectrogram 1	1	16207.7594686511	16207.9464981518	515.109261397944	2448.90146825349	469_16205_4
33	Spectrogram 1	1	16208.1970525875	16208.3993643625	663.862508079139	2531.54216085416	469_16205_5
34	Spectrogram 1	1	16208.9424129701	16209.1497047053	663.862508079139	2465.42960677362	469_16205_6
35	Spectrogram 1	1	16209.3853411834	16209.6379706843	779.55947772007	2663.76726901522	469_16205_7
36	Spectrogram 1	1	16210.4423662846	16210.7356573932	614.278092518741	2498.48588381389	469_16210_1
37	Spectrogram 1	1	16210.9824634508	16211.1843683649	498.58112287781	2680.29540753535	469_16210_2
38	Spectrogram 1	1	16222.3882544867	16222.5658622267	796.087616240203	2696.82354605548	469_16220_1
39	Spectrogram 1	1	16224.4459490746	16224.6435751816	581.221815478475	2581.12657641455	469_16220_2
40	Spectrogram 1	1	16322.2655546266	16322.4506851484	763.031339199937	2515.01402233402	469_16320_1
41	Spectrogram 1	1	16322.6494820274	16322.7563972792	680.390646599272	2415.84519121323	469_16320_2
42	Spectrogram 1	1	16323.0806046069	16323.2834803124	581.221815478475	2432.37332973336	469_16320_3
43	Spectrogram 1	1	16323.5336534819	16323.6855071453	680.390646599272	2333.20449861256	469_16320_4
44	Spectrogram 1	1	16323.9483144178	16324.1585713132	564.693676958342	2548.07029937429	469_16320_5
45	Spectrogram 1	1	16324.4687720511	16324.6834058451	729.975062159671	2465.42960677362	469_16320_6
46	Spectrogram 1	1	16324.8956754592	16325.008607668	663.862508079139	2465.42960677362	469_16325_1
47	Spectrogram 1	1	16325.3995921307	16325.5956630295	680.390646599272	2382.78891417296	469_16325_2
48	Spectrogram 1	1	16325.9165127926	16326.1146124401	597.749953998608	2614.18285345482	469_16325_3
49	Spectrogram 1	1	16326.4336656883	16326.6466133018	763.031339199937	2465.42960677362	469_16325_4
50	Spectrogram 1	1	16326.9670925791	16327.2227091634	862.200170320734	2663.76726901522	469_16325_5
51	Spectrogram 1	1	16327.3977139916	16327.604932918	696.918785119405	2548.07029937429	469_16325_6
52	Spectrogram 1	1	16327.8499164194	16328.0295350246	746.503200679804	2448.90146825349	469_16325_7
53	Spectrogram 1	1	16328.4059973658	16328.5904019194	713.446923639538	2349.73263713269	469_16325_8
54	Spectrogram 1	1	16328.8653561801	16329.1298854024	746.503200679804	2663.76726901522	469_16325_9
55	Spectrogram 1	1	16329.3736442997	16329.5900856759	696.918785119405	2515.01402233402	469_16325_10
56	Spectrogram 1	1	16329.8878153579	16330.1695168809	713.446923639538	2498.48588381389	469_16325_11
57	Spectrogram 1	1	16330.4585597819	16330.7082507074	630.806231038874	2647.23913049509	469_16330_1
58	Spectrogram 1	1	16331.4123951233	16331.6095962416	531.637399918076	2382.78891417296	469_16330_2
59	Spectrogram 1	1	16331.9360529271	16332.2055567669	465.524845837545	2465.42960677362	469_16330_3
60	Spectrogram 1	1	16332.9213464255	16333.1712300842	515.109261397944	2663.76726901522	469_16330_4
61	Spectrogram 1	1	16375.0088623811	16375.3112688932	663.862508079139	3291.83653278027	469_16375_1
62	Spectrogram 1	1	16378.8548705385	16379.2190294777	432.468568797279	2465.42960677362	469_16375_2
63	Spectrogram 1	1	16478.8772842838	16479.5391410856	548.165538438209	2614.18285345482	469_16475_1
64	Spectrogram 1	1	18464.0829514828	18464.3679944772	581.221815478475	2399.31705269309	469_18460_1
65	Spectrogram 1	1	18464.6748670534	18464.9176548641	630.806231038874	2382.78891417296	469_18460_2
66	Spectrogram 1	1	18466.6398250545	18466.871053768	432.468568797279	2415.84519121323	469_18465_1
67	Spectrogram 1	1	18467.7350630558	18467.909883049	531.637399918076	2481.95774529376	469_18465_2
68	Spectrogram 1	1	18473.7062867252	18473.9409394856	531.637399918076	2696.82354605548	469_18470_1
69	Spectrogram 1	1	18475.9422233144	18476.1743044992	382.88415323688	2316.67636009243	469_18475_1
70	Spectrogram 1	1	18476.5576980139	18476.7494153308	448.996707317412	2531.54216085416	469_18475_2
71	Spectrogram 1	1	18477.2949168223	18477.5314351093	548.165538438209	2713.35168457562	469_18475_3
72	Spectrogram 1	1	18481.8119014713	18482.0706698729	729.975062159671	2481.95774529376	469_18480_1
73	Spectrogram 1	1	18482.3616687838	18482.5114898519	746.503200679804	2382.78891417296	469_18480_2
74	Spectrogram 1	1	18482.9990869392	18483.1825837907	581.221815478475	2548.07029937429	469_18480_3
75	Spectrogram 1	1	18483.4498648835	18483.6836722189	564.693676958342	2564.59843789442	469_18480_4
76	Spectrogram 1	1	18484.043941323	18484.3014244518	581.221815478475	2283.62008305216	469_18480_5
77	Spectrogram 1	1	18485.0204322632	18485.2557876056	564.693676958342	2300.14822157229	469_18485_1
78	Spectrogram 1	1	18485.5156047283	18485.7539534327	597.749953998608	2349.73263713269	469_18485_2
79	Spectrogram 1	1	18486.0411707669	18486.267232272	663.862508079139	2581.12657641455	469_18485_3
80	Spectrogram 1	1	18487.0863569593	18487.3466923131	597.749953998608	2548.07029937429	469_18485_4
81	Spectrogram 1	1	18488.8786720174	18489.0269733678	432.468568797279	2581.12657641455	469_18485_5
82	Spectrogram 1	1	18489.5712634702	18489.7829735459	531.637399918076	2415.84519121323	469_18485_6
83	Spectrogram 1	1	18490.1475741569	18490.3250505261	713.446923639538	2531.54216085416	469_18490_1
84	Spectrogram 1	1	18490.6867148807	18490.9226237867	829.143893280468	2729.87982309575	469_18490_2
85	Spectrogram 1	1	18491.1873566462	18491.3021952929	647.334369559006	2779.46423865615	469_18490_3
86	Spectrogram 1	1	18491.6350343672	18491.9440156775	746.503200679804	2680.29540753535	469_18490_4
87	Spectrogram 1	1	18492.1565854255	18492.429843662	663.862508079139	2481.95774529376	469_18490_5
88	Spectrogram 1	1	18492.6027740804	18492.8288908862	614.278092518741	2515.01402233402	469_18490_6
89	Spectrogram 1	1	18493.0800958534	18493.4026895953	713.446923639538	2548.07029937429	469_18490_7
90	Spectrogram 1	1	18493.6266790631	18493.9494077914	630.806231038874	2448.90146825349	469_18490_8
91	Spectrogram 1	1	18494.1533168487	18494.4274789985	729.975062159671	2333.20449861256	469_18490_9
92	Spectrogram 1	1	18494.7171690737	18494.9436106558	729.975062159671	2382.78891417296	469_18490_10
93	Spectrogram 1	1	18498.8917781195	18499.1720218662	746.503200679804	2630.71099197495	469_18495_1
94	Spectrogram 1	1	18499.3616707444	18499.6329340994	696.918785119405	2713.35168457562	469_18495_2
95	Spectrogram 1	1	18499.8241865017	18500.1213352385	630.806231038874	2812.52051569641	469_18495_3
96	Spectrogram 1	1	18500.3371423489	18500.571369908	696.918785119405	2548.07029937429	469_18500_1
97	Spectrogram 1	1	18500.8836230974	18501.1427945068	581.221815478475	2515.01402233402	469_18500_2
98	Spectrogram 1	1	18510.8846577225	18511.0799773037	729.975062159671	2614.18285345482	469_18510_1
99	Spectrogram 1	1	18511.4350128541	18511.5855391813	746.503200679804	2564.59843789442	469_18510_2
100	Spectrogram 1	1	18511.9102749412	18512.1003238743	713.446923639538	2663.76726901522	469_18510_3
101	Spectrogram 1	1	18512.5436182002	18512.7327605283	647.334369559006	2548.07029937429	469_18510_4
102	Spectrogram 1	1	18530.8888433125	18531.0605678706	680.390646599272	2234.03566749176	469_18530_1
103	Spectrogram 1	1	18533.520130751	18533.7525263136	548.165538438209	2399.31705269309	469_18530_2
104	Spectrogram 1	1	18534.054569811	18534.3090160769	779.55947772007	2729.87982309575	469_18530_3
105	Spectrogram 1	1	18534.4937501313	18534.7442031606	581.221815478475	2581.12657641455	469_18530_4
106	Spectrogram 1	1	18542.5075670323	18542.7360935264	763.031339199937	2531.54216085416	469_18540_1
107	Spectrogram 1	1	18542.9971494859	18543.2516564912	713.446923639538	2663.76726901522	469_18540_2
108	Spectrogram 1	1	18543.4116073263	18543.679405555	564.693676958342	2531.54216085416	469_18540_3
109	Spectrogram 1	1	18543.9675961451	18544.1482871639	779.55947772007	2250.5638060119	469_18540_4
110	Spectrogram 1	1	18556.1821377108	18556.4135485533	746.503200679804	2680.29540753535	469_18555_1
111	Spectrogram 1	1	18556.7434661394	18556.8850842905	878.728308840867	2795.99237717628	469_18555_2
112	Spectrogram 1	1	19574.2137601747	19574.5712040316	531.637399918076	2895.16120829708	469_19570_1
113	Spectrogram 1	1	19584.075039491	19584.3726240525	548.165538438209	2696.82354605548	469_19580_1
114	Spectrogram 1	1	19646.0994439642	19646.4130537069	498.58112287781	2415.84519121323	469_19645_1
115	Spectrogram 1	1	19938.3247884309	19938.7357714824	663.862508079139	2812.52051569641	469_19935_1
116	Spectrogram 1	1	19939.75975665	19940.1590116423	729.975062159671	2663.76726901522	469_19935_2
117	Spectrogram 1	1	19941.9582018025	19942.3110788548	845.672031800601	2630.71099197495	469_19940_1
118	Spectrogram 1	1	19945.9269161301	19946.3113722895	779.55947772007	2862.10493125681	469_19945_1
119	Spectrogram 1	1	21369.4882674199	21369.7171261344	680.390646599272	2680.29540753535	469_21365_1
120	Spectrogram 1	1	21934.2375605275	21934.5687420559	647.334369559006	2068.75428229043	469_21930_1
