Selection	View	Channel	Begin Time (s)	End Time (s)	Low Freq (Hz)	High Freq (Hz)	Annotation
1	Spectrogram 1	1	67.0115188607027	67.2441010445406	267.18718359595	3010.85817793801	480_65_1
2	Spectrogram 1	1	884.072924834762	884.336320427404	647.334369559006	2680.29540753535	480_880_1
3	Spectrogram 1	1	884.602507391023	884.894434571784	696.918785119405	2779.46423865615	480_880_2
4	Spectrogram 1	1	885.129001709212	885.324065021072	746.503200679804	2746.40796161588	480_885_1
5	Spectrogram 1	1	886.225398434144	886.49024728093	746.503200679804	2762.93610013602	480_885_2
6	Spectrogram 1	1	886.790592353688	887.028270991345	746.503200679804	2779.46423865615	480_885_3
7	Spectrogram 1	1	887.234806632444	887.404933514756	531.637399918076	2729.87982309575	480_885_4
8	Spectrogram 1	1	888.820537525662	889.029702691349	548.165538438209	2729.87982309575	480_885_5
9	Spectrogram 1	1	889.24472864525	889.491846266894	647.334369559006	2862.10493125681	480_885_6
10	Spectrogram 1	1	889.768964366451	889.962958775096	729.975062159671	2680.29540753535	480_885_7
11	Spectrogram 1	1	890.357081935457	890.67657649012	597.749953998608	2382.78891417296	480_890_1
12	Spectrogram 1	1	890.968200570456	891.262507836048	680.390646599272	2564.59843789442	480_890_2
13	Spectrogram 1	1	891.890217095009	892.064126121433	696.918785119405	2548.07029937429	480_890_3
14	Spectrogram 1	1	892.427384523447	892.667341770366	796.087616240203	2647.23913049509	480_890_4
15	Spectrogram 1	1	892.988699246699	893.194744193138	746.503200679804	2746.40796161588	480_890_5
16	Spectrogram 1	1	893.59880535706	893.927681361713	614.278092518741	2663.76726901522	480_890_6
17	Spectrogram 1	1	894.259442089474	894.470972006592	630.806231038874	2762.93610013602	480_890_7
18	Spectrogram 1	1	894.760071556533	894.999814723837	729.975062159671	2498.48588381389	480_890_8
19	Spectrogram 1	1	895.287742233317	895.561543116353	746.503200679804	2382.78891417296	480_895_1
20	Spectrogram 1	1	895.873460100208	896.159276832761	729.975062159671	2316.67636009243	480_895_2
21	Spectrogram 1	1	896.444953246915	896.593738717387	647.334369559006	2234.03566749176	480_895_3
22	Spectrogram 1	1	896.979010721048	897.205629105656	663.862508079139	2399.31705269309	480_895_4
23	Spectrogram 1	1	897.571640513792	897.847264219568	729.975062159671	2465.42960677362	480_895_5
24	Spectrogram 1	1	898.189597816091	898.388790308385	729.975062159671	2134.86683637097	480_895_6
25	Spectrogram 1	1	898.804883067096	899.05200068874	713.446923639538	2448.90146825349	480_895_7
26	Spectrogram 1	1	899.45361772877	899.732791670436	729.975062159671	3159.6114246192	480_895_8
27	Spectrogram 1	1	900.590303568547	900.739332023415	680.390646599272	2415.84519121323	480_900_1
28	Spectrogram 1	1	901.918480895256	902.103029040139	663.862508079139	2630.71099197495	480_900_2
29	Spectrogram 1	1	902.414677069393	902.683797045915	696.918785119405	2762.93610013602	480_900_3
30	Spectrogram 1	1	902.939092802434	903.206660334686	713.446923639538	2729.87982309575	480_900_4
31	Spectrogram 1	1	903.458452160557	903.682950253545	729.975062159671	2498.48588381389	480_900_5
32	Spectrogram 1	1	903.981873860964	904.204566061986	763.031339199937	2349.73263713269	480_900_6
33	Spectrogram 1	1	904.58776382802	904.797252995993	647.334369559006	2382.78891417296	480_900_7
34	Spectrogram 1	1	906.9197102355	907.157672036712	1010.95341700193	2432.37332973336	480_905_1
35	Spectrogram 1	1	907.872338215351	908.00916291971	796.087616240203	2448.90146825349	480_905_2
36	Spectrogram 1	1	908.709824680676	908.967078376599	564.693676958342	2432.37332973336	480_905_3
37	Spectrogram 1	1	909.819670855035	910.042825254604	663.862508079139	2581.12657641455	480_905_4
38	Spectrogram 1	1	910.378449291521	910.560094544368	713.446923639538	2415.84519121323	480_910_1
39	Spectrogram 1	1	910.876845639923	911.084151855785	581.221815478475	2548.07029937429	480_910_2
40	Spectrogram 1	1	911.530181462276	911.746010128933	696.918785119405	2713.35168457562	480_910_3
41	Spectrogram 1	1	912.131771085751	912.416474548438	729.975062159671	2630.71099197495	480_910_4
42	Spectrogram 1	1	913.083233544965	913.292192598629	829.143893280468	2498.48588381389	480_910_5
43	Spectrogram 1	1	913.588309569008	913.780590143276	680.390646599272	2465.42960677362	480_910_6
44	Spectrogram 1	1	914.349687528809	914.563991098552	746.503200679804	2630.71099197495	480_910_7
45	Spectrogram 1	1	914.793114837313	915.003397184203	597.749953998608	2581.12657641455	480_910_8
46	Spectrogram 1	1	915.209266154992	915.521305859759	548.165538438209	3027.38631645814	480_915_1
47	Spectrogram 1	1	915.767450621023	916.059591851426	663.862508079139	2597.65471493469	480_915_2
48	Spectrogram 1	1	916.752215316565	916.963925392271	614.278092518741	2663.76726901522	480_915_3
49	Spectrogram 1	1	917.710110733903	917.945550390402	746.503200679804	2333.20449861256	480_915_4
50	Spectrogram 1	1	919.007438416971	919.23991334138	779.55947772007	2630.71099197495	480_915_5
51	Spectrogram 1	1	919.596438039107	919.837940991764	746.503200679804	2399.31705269309	480_915_6
52	Spectrogram 1	1	920.204910949698	920.416353776837	779.55947772007	2465.42960677362	480_920_1
53	Spectrogram 1	1	920.648579599504	920.906658394306	614.278092518741	2498.48588381389	480_920_2
54	Spectrogram 1	1	921.332299627325	921.539120874557	680.390646599272	2614.18285345482	480_920_3
55	Spectrogram 1	1	921.864589666985	922.130607932115	779.55947772007	2415.84519121323	480_920_4
56	Spectrogram 1	1	922.693100968857	922.848623503446	796.087616240203	2415.84519121323	480_920_5
57	Spectrogram 1	1	923.43736325182	923.689644723097	779.55947772007	2366.26077565283	480_920_6
58	Spectrogram 1	1	923.950671688803	924.166044161761	895.256447361	2515.01402233402	480_920_7
59	Spectrogram 1	1	924.394207258002	924.605304118097	862.200170320734	2448.90146825349	480_920_8
60	Spectrogram 1	1	924.963625664834	925.140091029051	647.334369559006	2498.48588381389	480_925_1
61	Spectrogram 1	1	925.553701484339	925.807489921331	746.503200679804	2399.31705269309	480_925_2
62	Spectrogram 1	1	926.095017279719	926.383067281964	944.840862921399	2366.26077565283	480_925_3
63	Spectrogram 1	1	926.693318767358	926.894209402671	829.143893280468	2680.29540753535	480_925_4
64	Spectrogram 1	1	927.219549853311	927.472297697056	796.087616240203	2481.95774529376	480_925_5
65	Spectrogram 1	1	927.750339428926	927.929196583956	862.200170320734	2614.18285345482	480_925_6
66	Spectrogram 1	1	928.308578342365	928.517999557618	845.672031800601	2680.29540753535	480_925_7
67	Spectrogram 1	1	928.771704949191	928.96664269948	630.806231038874	2680.29540753535	480_925_8
68	Spectrogram 1	1	929.277853905521	929.54408809371	713.446923639538	2647.23913049509	480_925_9
69	Spectrogram 1	1	929.789988213934	930.071146820169	696.918785119405	2862.10493125681	480_925_10
70	Spectrogram 1	1	932.261086315514	932.521154764751	845.672031800601	2630.71099197495	480_930_1
71	Spectrogram 1	1	936.361560356038	936.659616783116	763.031339199937	2696.82354605548	480_935_1
72	Spectrogram 1	1	936.854002735713	937.094390592268	763.031339199937	2597.65471493469	480_935_2
73	Spectrogram 1	1	938.106167405446	938.502137860592	680.390646599272	2663.76726901522	480_935_3
74	Spectrogram 1	1	938.609811543285	938.89165764989	696.918785119405	2663.76726901522	480_935_4
75	Spectrogram 1	1	939.081916935527	939.300564233341	729.975062159671	2746.40796161588	480_935_5
76	Spectrogram 1	1	939.525300075514	939.709467837763	729.975062159671	2779.46423865615	480_935_6
77	Spectrogram 1	1	939.981166115586	940.252472141657	630.806231038874	2746.40796161588	480_940_1
78	Spectrogram 1	1	943.825263594581	944.049843556043	597.749953998608	2581.12657641455	480_940_2
79	Spectrogram 1	1	945.204599620265	945.474644441522	564.693676958342	2696.82354605548	480_945_1
80	Spectrogram 1	1	967.002399558063	967.274462879344	763.031339199937	2696.82354605548	480_965_1
81	Spectrogram 1	1	967.501321363476	967.797309244592	581.221815478475	2911.68934681721	480_965_2
82	Spectrogram 1	1	968.60942569535	968.825881340179	829.143893280468	2630.71099197495	480_965_3
83	Spectrogram 1	1	970.535524940564	970.806296966354	663.862508079139	2415.84519121323	480_970_1
84	Spectrogram 1	1	975.482685063096	975.717736657928	647.334369559006	2597.65471493469	480_975_1
85	Spectrogram 1	1	977.975391062431	978.19905247745	614.278092518741	2300.14822157229	480_975_2
86	Spectrogram 1	1	979.15992662977	979.288694293396	812.615754760335	2267.09194453203	480_975_3
87	Spectrogram 1	1	989.114091464746	989.368117346237	531.637399918076	2481.95774529376	480_985_1
88	Spectrogram 1	1	992.768123563924	993.113582653899	531.637399918076	2515.01402233402	480_990_1
89	Spectrogram 1	1	1543.64383532255	1543.87844805339	630.806231038874	2597.65471493469	480_1540_1
90	Spectrogram 1	1	1544.15329712771	1544.29197545126	630.806231038874	2531.54216085416	480_1540_2
91	Spectrogram 1	1	1544.67879365072	1544.90509778763	597.749953998608	2597.65471493469	480_1540_3
92	Spectrogram 1	1	1555.63653631694	1555.87448614042	614.278092518741	2349.73263713269	480_1555_1
93	Spectrogram 1	1	1557.90330597751	1558.13835757234	663.862508079139	2234.03566749176	480_1555_2
94	Spectrogram 1	1	1558.42623565718	1558.71313123279	597.749953998608	2531.54216085416	480_1555_3
95	Spectrogram 1	1	1560.28831844851	1560.59803370648	515.109261397944	2498.48588381389	480_1560_1
96	Spectrogram 1	1	1563.65018908817	1563.84950373706	465.524845837545	2382.78891417296	480_1560_2
97	Spectrogram 1	1	1568.30793233058	1568.57807619503	581.221815478475	2283.62008305216	480_1565_1
98	Spectrogram 1	1	1578.53868159453	1578.76671627329	448.996707317412	1986.11358968977	480_1575_1
99	Spectrogram 1	1	1586.65381908925	1586.92388266593	630.806231038874	2200.9793904515	480_1585_1
100	Spectrogram 1	1	1665.32416448404	1665.50272628898	498.58112287781	2548.07029937429	480_1665_1
101	Spectrogram 1	1	1665.7791001067	1665.95795726173	696.918785119405	2498.48588381389	480_1665_2
102	Spectrogram 1	1	1666.20417471235	1666.39911898297	581.221815478475	2713.35168457562	480_1665_3
103	Spectrogram 1	1	1666.5940385349	1666.81714552784	597.749953998608	2581.12657641455	480_1665_4
104	Spectrogram 1	1	1666.93511052519	1667.14567890776	928.312724401265	1506.79757260592	480_1665_5
105	Spectrogram 1	1	1667.46597077286	1667.68956789046	465.524845837545	2581.12657641455	480_1665_6
106	Spectrogram 1	1	1669.25416272748	1669.45906054245	531.637399918076	2713.35168457562	480_1665_7
107	Spectrogram 1	1	1675.6774121989	1675.97550522294	564.693676958342	2300.14822157229	480_1675_1
108	Spectrogram 1	1	1676.25450132093	1676.57441057041	630.806231038874	2581.12657641455	480_1675_2
109	Spectrogram 1	1	1678.70449090557	1678.93081188127	845.672031800601	2795.99237717628	480_1675_3
110	Spectrogram 1	1	1682.95449090238	1683.23100012343	531.637399918076	2250.5638060119	480_1680_1
111	Spectrogram 1	1	1683.75994439382	1684.03363072659	614.278092518741	2548.07029937429	480_1680_2
112	Spectrogram 1	1	1699.26697989442	1699.52379216382	597.749953998608	2399.31705269309	480_1695_1
113	Spectrogram 1	1	1707.50376804664	1707.80016494304	597.749953998608	2366.26077565283	480_1705_1
114	Spectrogram 1	1	1708.17226055939	1708.34290485629	696.918785119405	2167.92311341123	480_1705_2
115	Spectrogram 1	1	1708.62275782577	1708.90146063012	763.031339199937	2333.20449861256	480_1705_3
116	Spectrogram 1	1	1709.17947165892	1709.24531497801	630.806231038874	2085.28242081057	480_1705_4
117	Spectrogram 1	1	1709.9463986281	1710.15372910797	630.806231038874	2134.86683637097	480_1705_5
118	Spectrogram 1	1	1718.65543365627	1718.810322207	663.862508079139	2531.54216085416	480_1715_1
119	Spectrogram 1	1	1719.00813116044	1719.2582261113	663.862508079139	2680.29540753535	480_1715_2
120	Spectrogram 1	1	1719.43169080237	1719.67855564021	630.806231038874	2564.59843789442	480_1715_3
121	Spectrogram 1	1	1719.88226153234	1720.13030069626	746.503200679804	2498.48588381389	480_1715_4
122	Spectrogram 1	1	1720.31938073483	1720.55924310416	895.256447361	2316.67636009243	480_1720_1
123	Spectrogram 1	1	1721.13997018041	1721.33985756213	829.143893280468	2333.20449861256	480_1720_2
124	Spectrogram 1	1	1721.63927546156	1721.80930820644	680.390646599272	2382.78891417296	480_1720_3
125	Spectrogram 1	1	1722.09335571299	1722.26185161398	713.446923639538	2548.07029937429	480_1720_4
126	Spectrogram 1	1	1722.68897707323	1722.90227282054	796.087616240203	2300.14822157229	480_1720_5
127	Spectrogram 1	1	1723.22495259798	1723.42968414465	729.975062159671	2448.90146825349	480_1720_6
128	Spectrogram 1	1	1724.05949887788	1724.25075403321	746.503200679804	2349.73263713269	480_1720_7
129	Spectrogram 1	1	1724.8476219839	1725.09023229537	713.446923639538	2333.20449861256	480_1720_8
130	Spectrogram 1	1	1725.64108728565	1725.95605817639	680.390646599272	2448.90146825349	480_1725_1
131	Spectrogram 1	1	1726.1900608256	1726.31053626632	763.031339199937	2217.50752897163	480_1725_2
132	Spectrogram 1	1	1726.73007140784	1727.0429275184	895.256447361	2316.67636009243	480_1725_3
133	Spectrogram 1	1	1727.21461105025	1727.44015168718	779.55947772007	2415.84519121323	480_1725_4
134	Spectrogram 1	1	1727.70536067286	1727.96231118813	696.918785119405	2399.31705269309	480_1725_5
135	Spectrogram 1	1	1728.2539138945	1728.46506804125	944.840862921399	2300.14822157229	480_1725_6
136	Spectrogram 1	1	1728.75919577667	1728.98037610653	680.390646599272	2415.84519121323	480_1725_7
137	Spectrogram 1	1	1729.30381778802	1729.44105651417	696.918785119405	2548.07029937429	480_1725_8
138	Spectrogram 1	1	1729.80301484118	1730.04622211176	779.55947772007	2349.73263713269	480_1725_9
139	Spectrogram 1	1	1730.36852296894	1730.6593956042	713.446923639538	2250.5638060119	480_1730_1
140	Spectrogram 1	1	1730.94658347477	1731.21873015432	630.806231038874	2366.26077565283	480_1730_2
141	Spectrogram 1	1	1731.50210424661	1731.61775059038	663.862508079139	2548.07029937429	480_1730_3
142	Spectrogram 1	1	1732.12112055156	1732.35193568905	746.503200679804	2729.87982309575	480_1730_4
143	Spectrogram 1	1	1732.70021780785	1732.9118171637	713.446923639538	2399.31705269309	480_1730_5
144	Spectrogram 1	1	1733.21090009969	1733.34291920541	729.975062159671	2515.01402233402	480_1730_6
145	Spectrogram 1	1	1733.75543621882	1733.88218327752	597.749953998608	2399.31705269309	480_1730_7
146	Spectrogram 1	1	1734.85779474771	1735.11009572579	713.446923639538	2481.95774529376	480_1730_8
147	Spectrogram 1	1	1737.10922732247	1737.21264753938	713.446923639538	2019.16986673004	480_1735_1
148	Spectrogram 1	1	1739.23511351214	1739.44776525448	548.165538438209	2167.92311341123	480_1735_2
149	Spectrogram 1	1	1743.38260268838	1743.62838538407	763.031339199937	2316.67636009243	480_1740_1
150	Spectrogram 1	1	1743.86865681701	1743.99727171409	746.503200679804	2267.09194453203	480_1740_2
151	Spectrogram 1	1	1744.34292231659	1744.48103478209	895.256447361	2200.9793904515	480_1740_3
152	Spectrogram 1	1	1744.80263930193	1745.03354463678	862.200170320734	2217.50752897163	480_1740_4
153	Spectrogram 1	1	1745.3208830928	1745.58573193958	763.031339199937	2382.78891417296	480_1745_1
154	Spectrogram 1	1	1745.86481633569	1746.10845295335	763.031339199937	2300.14822157229	480_1745_2
155	Spectrogram 1	1	1746.52300287876	1746.86151826555	763.031339199937	2399.31705269309	480_1745_3
156	Spectrogram 1	1	1757.4268413655	1757.5974856624	630.806231038874	2399.31705269309	480_1755_1
157	Spectrogram 1	1	1757.93534980838	1758.14823353782	548.165538438209	2432.37332973336	480_1755_2
158	Spectrogram 1	1	2160.70956067512	2160.92251222801	680.390646599272	2300.14822157229	480_2160_1
159	Spectrogram 1	1	3524.10068626167	3524.4756753312	515.109261397944	2481.95774529376	480_3520_1
160	Spectrogram 1	1	3526.42818741004	3526.76258958964	432.468568797279	2795.99237717628	480_3525_1
161	Spectrogram 1	1	3548.02619156162	3548.40817571386	548.165538438209	2746.40796161588	480_3545_1
162	Spectrogram 1	1	3556.11954172877	3556.44493171328	134.962075434887	2200.9793904515	480_3555_1
163	Spectrogram 1	1	3582.83002414675	3583.05426889746	267.18718359595	2895.16120829708	480_3580_1
164	Spectrogram 1	1	5745.85974718187	5746.07985209915	531.637399918076	2465.42960677362	480_5745_1
165	Spectrogram 1	1	5746.2161661801	5746.40654820298	564.693676958342	2746.40796161588	480_5745_2
166	Spectrogram 1	1	5746.67514903509	5746.87007104951	564.693676958342	2911.68934681721	480_5745_3
167	Spectrogram 1	1	5747.15598721769	5747.27650861003	482.052984357678	2696.82354605548	480_5745_4
168	Spectrogram 1	1	5747.62060258378	5747.80879466985	630.806231038874	2663.76726901522	480_5745_5
169	Spectrogram 1	1	5748.071811173	5748.21494577122	581.221815478475	2696.82354605548	480_5745_6
170	Spectrogram 1	1	5748.51899065449	5748.66693285014	647.334369559006	2713.35168457562	480_5745_7
171	Spectrogram 1	1	5748.96415937351	5749.24021680103	614.278092518741	2531.54216085416	480_5745_8
172	Spectrogram 1	1	5749.46396584078	5749.57967433985	696.918785119405	2465.42960677362	480_5745_9
173	Spectrogram 1	1	5749.93391625095	5750.10351662376	614.278092518741	2647.23913049509	480_5750_1
174	Spectrogram 1	1	5751.69780514352	5751.87157398064	680.390646599272	2234.03566749176	480_5750_4
175	Spectrogram 1	1	5752.25822669708	5752.57755131462	647.334369559006	2151.3949748911	480_5750_3
176	Spectrogram 1	1	5754.69965518491	5755.06486337831	548.165538438209	2283.62008305216	480_5750_2
177	Spectrogram 1	1	5755.17944723361	5755.43142097393	597.749953998608	2564.59843789442	480_5755_1
178	Spectrogram 1	1	5755.66957229758	5755.95168828378	763.031339199937	2614.18285345482	480_5755_2
179	Spectrogram 1	1	5756.14508831853	5756.45641524637	713.446923639538	2564.59843789442	480_5755_3
180	Spectrogram 1	1	5756.62103605991	5756.88794760946	729.975062159671	2581.12657641455	480_5755_4
181	Spectrogram 1	1	5757.17780181043	5757.40988118426	862.200170320734	2481.95774529376	480_5755_5
182	Spectrogram 1	1	5759.06224115125	5759.33048425981	746.503200679804	2630.71099197495	480_5755_6
183	Spectrogram 1	1	5760.03440143829	5760.22248735266	829.143893280468	2366.26077565283	480_5760_1
184	Spectrogram 1	1	5760.56292734811	5760.80521022946	862.200170320734	2762.93610013602	480_5760_2
185	Spectrogram 1	1	5761.13512596779	5761.41769604419	713.446923639538	2878.63306977695	480_5760_3
186	Spectrogram 1	1	5761.75141749313	5761.99180534969	680.390646599272	2878.63306977695	480_5760_4
187	Spectrogram 1	1	5762.25011889795	5762.49185586942	763.031339199937	2812.52051569641	480_5760_5
188	Spectrogram 1	1	5762.74019712093	5762.96665241961	812.615754760335	2795.99237717628	480_5760_6
189	Spectrogram 1	1	5763.74083201794	5763.89466831821	630.806231038874	2961.27376237761	480_5760_7
190	Spectrogram 1	1	5764.31938175692	5764.59083768623	647.334369559006	2680.29540753535	480_5760_8
191	Spectrogram 1	1	5772.09662252953	5772.35309773734	614.278092518741	2663.76726901522	480_5770_1
192	Spectrogram 1	1	5773.3795811313	5773.50285735089	713.446923639538	2597.65471493469	480_5770_2
193	Spectrogram 1	1	5773.92620188583	5774.20759513511	680.390646599272	2994.33003941788	480_5770_3
194	Spectrogram 1	1	6396.92347886264	6397.11952363779	829.143893280468	2300.14822157229	480_6395_1
195	Spectrogram 1	1	6397.98367618394	6398.30725698308	779.55947772007	2498.48588381389	480_6395_2
196	Spectrogram 1	1	6398.47386017756	6398.73838939986	729.975062159671	2465.42960677362	480_6395_3
197	Spectrogram 1	1	6398.96853945772	6399.19822161686	680.390646599272	2316.67636009243	480_6395_4
198	Spectrogram 1	1	6399.42844942113	6399.65831899888	680.390646599272	2564.59843789442	480_6395_5
199	Spectrogram 1	1	6399.98340174146	6400.09697688981	746.503200679804	2366.26077565283	480_6400_1
200	Spectrogram 1	1	6400.62950888952	6400.86480746256	630.806231038874	2267.09194453203	480_6400_2
201	Spectrogram 1	1	6443.02649814465	6443.26066076301	515.109261397944	2597.65471493469	480_6440_1
202	Spectrogram 1	1	6443.67696368036	6443.96385925597	531.637399918076	2498.48588381389	480_6440_2
203	Spectrogram 1	1	6460.24446821632	6460.46963223899	680.390646599272	2564.59843789442	480_6460_1
204	Spectrogram 1	1	6461.04110080312	6461.2964987658	663.862508079139	2415.84519121323	480_6460_2
205	Spectrogram 1	1	6497.61233487279	6497.86923426771	597.749953998608	2531.54216085416	480_6495_1
206	Spectrogram 1	1	6498.21038274337	6498.52562459621	696.918785119405	2713.35168457562	480_6495_2
207	Spectrogram 1	1	6498.92433592054	6499.20366925547	696.918785119405	2647.23913049509	480_6495_3
208	Spectrogram 1	1	6499.66054338252	6500.02233738295	713.446923639538	2729.87982309575	480_6495_4
209	Spectrogram 1	1	6500.28720911194	6500.53626167048	713.446923639538	2680.29540753535	480_6500_1
210	Spectrogram 1	1	6501.29707255235	6501.57119290543	663.862508079139	2696.82354605548	480_6500_2
211	Spectrogram 1	1	6509.65489567975	6509.94950203361	663.862508079139	2465.42960677362	480_6505_1
212	Spectrogram 1	1	6512.04448798577	6512.29667990105	763.031339199937	2515.01402233402	480_6510_1
213	Spectrogram 1	1	6512.91973673218	6513.21661011992	597.749953998608	2349.73263713269	480_6510_2
214	Spectrogram 1	1	6513.45134152085	6513.7363332215	614.278092518741	2597.65471493469	480_6510_3
215	Spectrogram 1	1	6514.10999977913	6514.45730820108	829.143893280468	2564.59843789442	480_6510_4
216	Spectrogram 1	1	6514.81124811756	6515.24560839785	729.975062159671	2647.23913049509	480_6510_5
217	Spectrogram 1	1	6515.44143717736	6515.68144833518	680.390646599272	2531.54216085416	480_6515_1
218	Spectrogram 1	1	6516.30091762145	6516.5432320989	663.862508079139	2614.18285345482	480_6515_2
219	Spectrogram 1	1	6516.9601587401	6517.09578369652	729.975062159671	2647.23913049509	480_6515_3
220	Spectrogram 1	1	6517.79920611679	6517.9678223725	663.862508079139	2829.04865421655	480_6515_4
221	Spectrogram 1	1	6529.95193397754	6530.18501884822	680.390646599272	2349.73263713269	480_6530_1
222	Spectrogram 1	1	6537.22952303058	6537.50250987253	614.278092518741	2614.18285345482	480_6535_1
223	Spectrogram 1	1	6554.1252629498	6554.40428590379	366.356014716747	2316.67636009243	480_6550_1
224	Spectrogram 1	1	6557.00788061913	6557.2463745915	581.221815478475	2200.9793904515	480_6555_1
225	Spectrogram 1	1	6564.93755826786	6565.10026867014	614.278092518741	2432.37332973336	480_6565_1
226	Spectrogram 1	1	6569.57065633826	6569.86446966734	663.862508079139	2465.42960677362	480_6565_2
227	Spectrogram 1	1	6570.02591484427	6570.37521840261	713.446923639538	2399.31705269309	480_6570_1
228	Spectrogram 1	1	6570.50779240887	6570.64042678656	812.615754760335	2382.78891417296	480_6570_2
229	Spectrogram 1	1	6570.89279864657	6571.16087788442	630.806231038874	2200.9793904515	480_6570_3
230	Spectrogram 1	1	6577.74874718943	6577.96562158488	498.58112287781	2200.9793904515	480_6575_1
231	Spectrogram 1	1	6578.38568154289	6578.60798893679	663.862508079139	2300.14822157229	480_6575_2
232	Spectrogram 1	1	6579.60106417177	6579.81767325472	630.806231038874	2101.8105593307	480_6575_3
233	Spectrogram 1	1	7823.22531795048	7823.64134635474	647.334369559006	2448.90146825349	480_7820_1
234	Spectrogram 1	1	8682.22200770488	8682.46090574763	647.334369559006	2217.50752897163	480_8680_1
235	Spectrogram 1	1	8682.90494976126	8683.16632581516	581.221815478475	2498.48588381389	480_8680_2
236	Spectrogram 1	1	8683.42579470489	8683.56447302845	729.975062159671	2200.9793904515	480_8680_3
237	Spectrogram 1	1	8685.73316992833	8685.92537537715	796.087616240203	2382.78891417296	480_8685_2
238	Spectrogram 1	1	8687.28252039849	8687.57808507051	680.390646599272	2432.37332973336	480_8685_1
239	Spectrogram 1	1	8688.33608766757	8688.52964037662	713.446923639538	2399.31705269309	480_8685_3
240	Spectrogram 1	1	8689.8003935199	8690.21205792012	713.446923639538	2234.03566749176	480_8685_4
241	Spectrogram 1	1	8696.06775943586	8696.22738461113	729.975062159671	2349.73263713269	480_8695_1
242	Spectrogram 1	1	8696.53091204671	8696.69366358809	696.918785119405	2349.73263713269	480_8695_2
243	Spectrogram 1	1	8697.01446998689	8697.11795814064	696.918785119405	2300.14822157229	480_8695_3
244	Spectrogram 1	1	8697.66036358922	8697.7908444162	763.031339199937	2366.26077565283	480_8695_4
245	Spectrogram 1	1	8698.14555118077	8698.38060277561	647.334369559006	2597.65471493469	480_8695_5
246	Spectrogram 1	1	8698.61175277023	8698.89803855333	548.165538438209	2399.31705269309	480_8695_6
247	Spectrogram 1	1	8699.50352351068	8699.70745562982	564.693676958342	2465.42960677362	480_8695_7
248	Spectrogram 1	1	8700.12993759612	8700.31129057825	763.031339199937	2250.5638060119	480_8700_1
249	Spectrogram 1	1	8700.68975731416	8700.93146416625	763.031339199937	2415.84519121323	480_8700_2
250	Spectrogram 1	1	8703.04451392122	8703.42393247779	763.031339199937	2333.20449861256	480_8700_3
251	Spectrogram 1	1	8703.6058029243	8703.73687855162	977.897139961664	2895.16120829708	480_8700_4
252	Spectrogram 1	1	8704.35995301787	8704.64252854681	630.806231038874	2614.18285345482	480_8700_5
253	Spectrogram 1	1	8705.00542904539	8705.29806664489	746.503200679804	2928.21748533734	480_8705_1
254	Spectrogram 1	1	8707.56721319007	8707.85037633302	713.446923639538	2382.78891417296	480_8705_2
255	Spectrogram 1	1	8708.07557603368	8708.23742989615	647.334369559006	2581.12657641455	480_8705_3
256	Spectrogram 1	1	11265.2873975219	11265.7337893771	647.334369559006	2680.29540753535	480_11265_1
257	Spectrogram 1	1	11265.8490610256	11266.3018790194	548.165538438209	2465.42960677362	480_11265_2
258	Spectrogram 1	1	11266.4824250588	11266.9232978663	482.052984357678	2630.71099197495	480_11265_3
259	Spectrogram 1	1	11293.9128422547	11294.3296849469	0.696031522338321	2.49681075164386	1778.0
260	Spectrogram 1	1	11294.482863861	11294.899871439	0.73649847131148	2.45634380267071	1779.0
261	Spectrogram 1	1	11294.6207131084	11295.7997684021	713.446923639538	2465.42960677362	480_11290_1
262	Spectrogram 1	1	11295.0865048614	11295.5130357664	0.73649847131148	2.41587685369755	1780.0
263	Spectrogram 1	1	11312.769281371	11313.1976079506	0.797198894771217	2.43611032818413	1781.0
264	Spectrogram 1	1	11313.3497981045	11313.7816842425	0.756731945798059	2.31470948126465	1782.0
265	Spectrogram 1	1	11364.0250239786	11364.4497602434	0.696031522338321	2.45634380267071	1783.0
266	Spectrogram 1	1	11364.6220848722	11365.0636633442	0.776965420284638	2.45634380267071	1784.0
267	Spectrogram 1	1	11365.278833685	11365.7250653405	0.776965420284638	2.5575111751036	1785.0
268	Spectrogram 1	1	11656.8118981905	11656.9868973359	0.696031522338321	1.86957304255991	1786.0
269	Spectrogram 1	1	11657.2793135344	11657.5129488325	0.615097624392005	2.0719077874257	1787.0
270	Spectrogram 1	1	11663.2862781376	11663.5309835408	0.655564573365163	2.09214126191228	1788.0
271	Spectrogram 1	1	11664.2461364524	11664.4911907146	0.716264996824901	2.25400905780491	1789.0
272	Spectrogram 1	1	11665.6001744605	11665.8024141081	0.696031522338321	2.05167431293912	1790.0
273	Spectrogram 1	1	11667.319522508	11667.5720322043	0.716264996824901	1.88980651704649	1791.0
274	Spectrogram 1	1	11667.9508987291	11668.126561232	0.817432369257796	1.97074041499281	1792.0
275	Spectrogram 1	1	11668.580642923	11668.7779207395	0.756731945798059	1.84933956807333	1793.0
276	Spectrogram 1	1	11669.5876875992	11669.8474363673	0.817432369257796	2.01120736396596	1794.0
277	Spectrogram 1	1	11670.0695136676	11670.3078522354	0.817432369257796	2.33494295575123	1795.0
278	Spectrogram 1	1	11671.0254065588	11671.2473722184	0.857899318230954	1.93027346601965	1796.0
279	Spectrogram 1	1	11671.8425955524	11672.084861512	0.776965420284638	2.13260821088544	1797.0
280	Spectrogram 1	1	11672.4512943049	11672.7076738558	0.756731945798059	2.13260821088544	1798.0
281	Spectrogram 1	1	11673.1763367951	11673.3870468732	0.837665843744375	2.0719077874257	1799.0
282	Spectrogram 1	1	11673.7507211711	11674.0069075525	0.817432369257796	2.51704422613044	1800.0
283	Spectrogram 1	1	11674.2762059077	11674.5489878627	0.716264996824901	2.19330863434518	1801.0
284	Spectrogram 1	1	11674.7393418634	11674.9739301277	0.776965420284638	2.1730751598586	1802.0
285	Spectrogram 1	1	11675.2311557814	11675.4952378687	0.73649847131148	2.13260821088544	1803.0
286	Spectrogram 1	1	11675.7374003429	11675.9824796726	0.756731945798059	2.09214126191228	1804.0
287	Spectrogram 1	1	11676.4985562578	11676.752060667	0.776965420284638	2.11237473639886	1805.0
288	Spectrogram 1	1	11677.1033367523	11677.3133174184	0.776965420284638	2.0719077874257	1806.0
289	Spectrogram 1	1	11677.5482189456	11677.7590505627	0.918599741690692	2.11237473639886	1807.0
290	Spectrogram 1	1	11678.0686099827	11678.2944617722	0.756731945798059	2.01120736396596	1808.0
291	Spectrogram 1	1	11678.5219704145	11678.7477908333	0.857899318230954	2.33494295575123	1809.0
292	Spectrogram 1	1	11679.0201890725	11679.2397672011	0.898366267204113	1.99097388947939	1810.0
293	Spectrogram 1	1	11679.4572718381	11679.7096437524	0.878132792717534	2.1730751598586	1811.0
294	Spectrogram 1	1	11679.956583237	11680.1711499329	0.999533639637008	1.82910609358675	1812.0
295	Spectrogram 1	1	11680.5469595777	11680.7775557857	0.999533639637008	2.25400905780491	1813.0
