Selection	View	Channel	Begin Time (s)	End Time (s)	Low Freq (Hz)	High Freq (Hz)	Annotation
1	Spectrogram 1	1	7916.91516532368	7917.05301625395	680.390646599272	2729.87982309575	4_7915_1
2	Spectrogram 1	1	7917.26442097162	7917.39512536489	713.446923639538	2746.40796161588	4_7915_2
3	Spectrogram 1	1	7917.62860696536	7917.74836539044	696.918785119405	2845.57679273668	4_7915_3
4	Spectrogram 1	1	7917.994466198	7918.14377313414	713.446923639538	2762.93610013602	4_7915_4
5	Spectrogram 1	1	7918.37736194878	7918.51305004848	663.862508079139	2663.76726901522	4_7915_5
6	Spectrogram 1	1	7918.77779132894	7918.94935994902	729.975062159671	2746.40796161588	4_7915_6
7	Spectrogram 1	1	8204.74739921063	8204.92875219277	696.918785119405	2895.16120829708	4_8200_1
8	Spectrogram 1	1	8205.1272779856	8205.30107677079	630.806231038874	3010.85817793801	4_8205_1
9	Spectrogram 1	1	8205.4949054577	8205.64472652588	763.031339199937	2928.21748533734	4_8205_2
10	Spectrogram 1	1	8205.85752803798	8206.02810354334	680.390646599272	2944.74562385748	4_8205_3
11	Spectrogram 1	1	8206.24687698768	8206.37163803592	713.446923639538	2878.63306977695	4_8205_4
12	Spectrogram 1	1	8206.65427151578	8206.82216786996	713.446923639538	2961.27376237761	4_8205_5
13	Spectrogram 1	1	8216.39037854982	8216.55412038663	878.728308840867	2911.68934681721	4_8215_1
14	Spectrogram 1	1	8216.76367241852	8216.91372744146	862.200170320734	2878.63306977695	4_8215_2
15	Spectrogram 1	1	8217.12581459237	8217.28829494448	812.615754760335	3010.85817793801	4_8215_3
16	Spectrogram 1	1	8217.51580346754	8217.6785354543	796.087616240203	2845.57679273668	4_8215_4
17	Spectrogram 1	1	8217.90238205001	8218.0427860893	878.728308840867	2977.80190089774	4_8215_5
18	Spectrogram 1	1	8218.29001584867	8218.46093043748	911.784585881133	2977.80190089774	4_8215_6
19	Spectrogram 1	1	8218.70852431465	8218.85506073027	977.897139961664	2696.82354605548	4_8215_7
20	Spectrogram 1	1	8219.15744374098	8219.29015349952	961.369001441531	3093.49887053867	4_8215_8
21	Spectrogram 1	1	8238.17981563307	8238.31792809856	862.200170320734	2647.23913049509	4_8235_1
22	Spectrogram 1	1	8238.53415148671	8238.66981564376	862.200170320734	2729.87982309575	4_8235_2
23	Spectrogram 1	1	8238.9203513883	8239.04652985225	911.784585881133	2647.23913049509	4_8235_3
24	Spectrogram 1	1	8239.28971391743	8239.44678416958	994.425278481797	2581.12657641455	4_8235_4
25	Spectrogram 1	1	8239.67139325154	8239.8077515495	928.312724401265	2614.18285345482	4_8235_5
26	Spectrogram 1	1	8240.07894899322	8240.2585574877	862.200170320734	2614.18285345482	4_8240_1
27	Spectrogram 1	1	8240.49760114183	8240.64209343201	796.087616240203	2630.71099197495	4_8240_2
28	Spectrogram 1	1	8240.92408013097	8241.07543130389	895.256447361	2762.93610013602	4_8240_3
29	Spectrogram 1	1	8259.0309496362	8259.1821415033	845.672031800601	2581.12657641455	4_8255_1
30	Spectrogram 1	1	8259.44328022217	8259.5879233018	961.369001441531	2729.87982309575	4_8255_2
31	Spectrogram 1	1	8259.83064668633	8259.99232225944	928.312724401265	2548.07029937429	4_8255_3
32	Spectrogram 1	1	8260.20853892	8260.37464949462	928.312724401265	2481.95774529376	4_8260_1
33	Spectrogram 1	1	8260.59525106292	8260.76480754074	944.840862921399	2647.23913049509	4_8260_2
34	Spectrogram 1	1	8261.00843996344	8261.12532768222	944.840862921399	2614.18285345482	4_8260_3
35	Spectrogram 1	1	8261.42371770242	8261.5963219202	1027.48155552206	2498.48588381389	4_8260_4
36	Spectrogram 1	1	8261.91473322818	8262.12451658306	862.200170320734	2581.12657641455	4_8260_5
37	Spectrogram 1	1	8288.48237466423	8288.65672720115	829.143893280468	2531.54216085416	4_8285_1
38	Spectrogram 1	1	8288.90466825682	8289.07535841621	829.143893280468	2630.71099197495	4_8285_2
39	Spectrogram 1	1	8289.36727802438	8289.55339818616	878.728308840867	2680.29540753535	4_8285_3
40	Spectrogram 1	1	8289.86723667269	8290.14133092273	994.425278481797	2481.95774529376	4_8285_4
41	Spectrogram 1	1	8290.35322294411	8290.56457406418	895.256447361	2680.29540753535	4_8290_1
42	Spectrogram 1	1	8290.86701821695	8291.10097119265	961.369001441531	2531.54216085416	4_8290_2
43	Spectrogram 1	1	8291.37685428677	8291.57909410832	944.840862921399	2581.12657641455	4_8290_3
44	Spectrogram 1	1	8291.92908922632	8292.1369969466	829.143893280468	2515.01402233402	4_8290_4
45	Spectrogram 1	1	11230.7168417757	11231.0716840908	316.771599156349	2134.86683637097	4_11230_1
46	Spectrogram 1	1	11231.1577760412	11231.6635080869	250.659045075817	2283.62008305216	4_11230_2
47	Spectrogram 1	1	12229.1394093484	12229.6151082604	581.221815478475	2680.29540753535	4_12225_1
48	Spectrogram 1	1	12230.0706217411	12230.5947390275	531.637399918076	2614.18285345482	4_12230_1
49	Spectrogram 1	1	12231.0441392402	12231.5004212266	614.278092518741	2762.93610013602	4_12230_2
50	Spectrogram 1	1	12354.6588549044	12354.935719864	548.165538438209	2928.21748533734	4_12350_1
51	Spectrogram 1	1	12355.1877775713	12355.5338693061	531.637399918076	2878.63306977695	4_12355_1
52	Spectrogram 1	1	12356.359239206	12356.4951323107	283.715322116083	2101.8105593307	4_12355_2
53	Spectrogram 1	1	12357.3509801492	12357.4816474981	250.659045075817	3126.55514757894	4_12355_3
54	Spectrogram 1	1	12358.0939790769	12358.1783150978	366.356014716747	3010.85817793801	4_12355_4
55	Spectrogram 1	1	12436.1209877706	12436.5786799096	250.659045075817	2399.31705269309	4_12435_1
56	Spectrogram 1	1	12440.360496348	12440.8316464302	283.715322116083	2680.29540753535	4_12440_1
57	Spectrogram 1	1	14017.5702207251	14017.9913967065	729.975062159671	3143.08328609907	4_14015_1
58	Spectrogram 1	1	14018.5604967619	14019.014105504	779.55947772007	3159.6114246192	4_14015_2
59	Spectrogram 1	1	14019.6251643852	14020.1058544805	713.446923639538	2961.27376237761	4_14015_3
60	Spectrogram 1	1	14188.466290245	14188.8989714579	696.918785119405	3424.06164094133	4_14185_1
61	Spectrogram 1	1	14189.4362744068	14189.91520955	746.503200679804	3110.02700905881	4_14185_2
62	Spectrogram 1	1	14190.4595550092	14190.9367527699	696.918785119405	3275.30839426014	4_14190_1
63	Spectrogram 1	1	14279.8212536307	14280.0680395407	696.918785119405	3110.02700905881	4_14280_1
64	Spectrogram 1	1	14280.7562477973	14281.2236654634	696.918785119405	3027.38631645814	4_14280_2
65	Spectrogram 1	1	14281.7723568221	14282.2706210719	663.862508079139	3043.91445497827	4_14280_3
66	Spectrogram 1	1	14793.8375869241	14794.1244026885	217.602768035552	2283.62008305216	4_14790_1
67	Spectrogram 1	1	15243.587614571	15243.9080447184	399.412291757013	2184.45125193136	4_15240_1
68	Spectrogram 1	1	15244.7808532022	15245.2031287594	300.243460636216	2448.90146825349	4_15240_2
69	Spectrogram 1	1	15246.1143931777	15246.4963773299	184.546490995286	2283.62008305216	4_15245_1
70	Spectrogram 1	1	15247.186950571	15247.6522269734	250.659045075817	2316.67636009243	4_15245_2
71	Spectrogram 1	1	17615.4426089099	17615.5970916836	630.806231038874	2399.31705269309	4_17615_1
72	Spectrogram 1	1	17616.7325008964	17616.9158448732	548.165538438209	2465.42960677362	4_17615_2
73	Spectrogram 1	1	17619.3041294894	17619.5211340321	630.806231038874	2134.86683637097	4_17615_3
74	Spectrogram 1	1	17620.3566342991	17620.6446041918	531.637399918076	2250.5638060119	4_17620_1
75	Spectrogram 1	1	17628.9592814686	17629.1639427625	448.996707317412	2448.90146825349	4_17625_1
76	Spectrogram 1	1	17631.6009476572	17631.770317878	630.806231038874	1639.02268076698	4_17630_1
77	Spectrogram 1	1	17632.173144349	17632.4340660404	845.672031800601	2002.6417282099	4_17630_2
78	Spectrogram 1	1	17634.4344656748	17634.6999649398	515.109261397944	2151.3949748911	4_17630_3
79	Spectrogram 1	1	17638.3606342621	17638.6327026961	597.749953998608	2234.03566749176	4_17635_1
80	Spectrogram 1	1	17638.9150564287	17639.088276483	531.637399918076	2101.8105593307	4_17635_2
81	Spectrogram 1	1	18223.2025561103	18223.4098478455	581.221815478475	2101.8105593307	4_18220_1
82	Spectrogram 1	1	18223.7076502186	18223.9357915705	680.390646599272	2630.71099197495	4_18220_2
83	Spectrogram 1	1	18224.2495499183	18224.4439065348	597.749953998608	2531.54216085416	4_18220_3
84	Spectrogram 1	1	18224.6957340011	18224.9479660163	465.524845837545	2498.48588381389	4_18220_4
85	Spectrogram 1	1	18225.3286618121	18225.5838172171	630.806231038874	2597.65471493469	4_18225_1
86	Spectrogram 1	1	18225.9154802888	18226.1792150736	630.806231038874	2564.59843789442	4_18225_2
87	Spectrogram 1	1	18226.4863194887	18226.8137674792	515.109261397944	2498.48588381389	4_18225_3
88	Spectrogram 1	1	18227.0477356144	18227.2998532302	548.165538438209	2614.18285345482	4_18225_4
89	Spectrogram 1	1	18228.1898645184	18228.3988235721	564.693676958342	2531.54216085416	4_18225_5
90	Spectrogram 1	1	18228.8447696423	18229.1686559682	515.109261397944	2515.01402233402	4_18225_6
91	Spectrogram 1	1	18229.4549634742	18229.712446603	498.58112287781	2597.65471493469	4_18225_7
92	Spectrogram 1	1	18231.2320386807	18231.4757718256	531.637399918076	2548.07029937429	4_18230_1
93	Spectrogram 1	1	18231.9039621511	18232.1972532598	564.693676958342	2515.01402233402	4_18230_2
94	Spectrogram 1	1	18232.6846978658	18232.9322143219	630.806231038874	2382.78891417296	4_18230_3
95	Spectrogram 1	1	18233.215889877	18233.4603786815	515.109261397944	2680.29540753535	4_18230_4
96	Spectrogram 1	1	18233.7408737318	18234.0038963322	696.918785119405	2217.50752897163	4_18230_5
97	Spectrogram 1	1	18234.3492378506	18234.6302829735	614.278092518741	2333.20449861256	4_18230_6
98	Spectrogram 1	1	18238.1086346978	18238.3239235239	597.749953998608	2432.37332973336	4_18235_1
99	Spectrogram 1	1	18239.1001674305	18239.3777498512	581.221815478475	2630.71099197495	4_18235_2
100	Spectrogram 1	1	18852.1862129672	18852.5335213892	300.243460636216	2729.87982309575	4_18850_1
101	Spectrogram 1	1	20400.1182985031	20400.2920745722	729.975062159671	2035.69800525017	4_20400_1
102	Spectrogram 1	1	20400.5951962667	20400.8690709749	465.524845837545	2167.92311341123	4_20400_2
103	Spectrogram 1	1	20400.9881260435	20401.2665138699	498.58112287781	2415.84519121323	4_20400_3
104	Spectrogram 1	1	20401.402219649	20401.6634075888	531.637399918076	2366.26077565283	4_20400_4
105	Spectrogram 1	1	20402.2126303235	20402.4393005887	564.693676958342	2531.54216085416	4_20400_5
