Selection	View	Channel	Begin Time (s)	End Time (s)	Low Freq (Hz)	High Freq (Hz)	Annotation
1	Spectrogram 1	1	211.706963367142	212.002368784293	729.975062159671	2448.90146825349	51_210_1
2	Spectrogram 1	1	212.191286335886	212.462904485071	763.031339199937	2531.54216085416	51_210_2
3	Spectrogram 1	1	212.668384951108	212.890253116399	663.862508079139	2432.37332973336	51_210_3
4	Spectrogram 1	1	214.043237514248	214.248490227982	746.503200679804	2581.12657641455	51_210_4
5	Spectrogram 1	1	283.356594041847	283.649240991907	597.749953998608	2333.20449861256	51_280_1
6	Spectrogram 1	1	450.650415389494	450.988617989694	944.840862921399	2481.95774529376	51_450_1
7	Spectrogram 1	1	451.869477844295	452.157110857793	663.862508079139	2481.95774529376	51_450_2
8	Spectrogram 1	1	452.452878527802	452.822693211883	597.749953998608	2448.90146825349	51_450_3
9	Spectrogram 1	1	452.96957076373	453.273954063821	696.918785119405	2481.95774529376	51_450_4
10	Spectrogram 1	1	453.524817075642	453.775240797119	829.143893280468	2481.95774529376	51_450_5
11	Spectrogram 1	1	453.952144758655	454.327133828181	862.200170320734	2250.5638060119	51_450_6
12	Spectrogram 1	1	460.786299359461	460.945797429262	944.840862921399	2349.73263713269	51_460_1
13	Spectrogram 1	1	461.352385829752	461.670535739756	663.862508079139	2167.92311341123	51_460_2
14	Spectrogram 1	1	461.953997123747	462.095206418462	597.749953998608	2300.14822157229	51_460_3
15	Spectrogram 1	1	462.614488026443	462.70552531477	663.862508079139	2680.29540753535	51_460_4
16	Spectrogram 1	1	463.076582837035	463.403467607027	647.334369559006	2911.68934681721	51_460_5
17	Spectrogram 1	1	472.889861921745	473.187601037213	614.278092518741	2316.67636009243	51_470_1
18	Spectrogram 1	1	473.503166952208	473.832410994955	663.862508079139	2481.95774529376	51_470_2
19	Spectrogram 1	1	474.260375378831	474.594256722421	614.278092518741	2448.90146825349	51_470_3
20	Spectrogram 1	1	585.970029152637	586.277619226571	614.278092518741	2151.3949748911	51_585_1
21	Spectrogram 1	1	586.789261370631	587.119457160356	548.165538438209	2085.28242081057	51_585_2
22	Spectrogram 1	1	587.522590025678	587.848475461311	415.940430277146	2167.92311341123	51_585_3
23	Spectrogram 1	1	1161.07851200969	1161.37887966928	630.806231038874	2151.3949748911	51_1160_1
24	Spectrogram 1	1	1161.76226080164	1161.96936216174	696.918785119405	2250.5638060119	51_1160_2
25	Spectrogram 1	1	1162.35512016437	1162.60791913031	581.221815478475	2267.09194453203	51_1160_3
26	Spectrogram 1	1	1163.0049262013	1163.20979759436	630.806231038874	2267.09194453203	51_1160_4
27	Spectrogram 1	1	1164.19265762839	1164.40445152766	729.975062159671	2300.14822157229	51_1160_5
28	Spectrogram 1	1	1164.71293035381	1164.8756407561	696.918785119405	2267.09194453203	51_1160_6
29	Spectrogram 1	1	1214.33646768188	1214.79257397862	663.862508079139	2415.84519121323	51_1210_1
30	Spectrogram 1	1	1258.57242015727	1258.95484789616	663.862508079139	2630.71099197495	51_1255_1
31	Spectrogram 1	1	1259.49485790968	1259.91174131997	680.390646599272	2250.5638060119	51_1255_2
32	Spectrogram 1	1	1260.44379788739	1260.89117915276	614.278092518741	2250.5638060119	51_1260_1
33	Spectrogram 1	1	1277.40127246835	1277.53390684604	663.862508079139	1870.41662004884	51_1275_1
34	Spectrogram 1	1	1278.12962234439	1278.4569956953	630.806231038874	2316.67636009243	51_1275_2
35	Spectrogram 1	1	1278.60455901039	1278.91561146924	696.918785119405	2597.65471493469	51_1275_3
36	Spectrogram 1	1	1279.12255950131	1279.31239414552	548.165538438209	2663.76726901522	51_1275_4
37	Spectrogram 1	1	1279.61732986866	1279.87294645301	663.862508079139	2465.42960677362	51_1275_5
38	Spectrogram 1	1	1280.10383709564	1280.29141808499	713.446923639538	2316.67636009243	51_1280_1
39	Spectrogram 1	1	1280.8905694945	1281.04219628364	812.615754760335	2316.67636009243	51_1280_2
40	Spectrogram 1	1	1372.73376299027	1373.13571636485	630.806231038874	2349.73263713269	51_1370_1
41	Spectrogram 1	1	1373.65275424452	1374.11291279202	680.390646599272	2267.09194453203	51_1370_2
42	Spectrogram 1	1	1374.59127950662	1375.04727721882	630.806231038874	2349.73263713269	51_1370_3
43	Spectrogram 1	1	1586.04996858861	1586.44221090165	597.749953998608	2167.92311341123	51_1585_1
44	Spectrogram 1	1	1587.08281701652	1587.39195779436	482.052984357678	2184.45125193136	51_1585_2
45	Spectrogram 1	1	1587.63379484554	1587.90612377023	630.806231038874	2283.62008305216	51_1585_3
46	Spectrogram 1	1	1588.27486930761	1588.59316961338	597.749953998608	2316.67636009243	51_1585_4
47	Spectrogram 1	1	1589.16803402231	1589.27997735365	878.728308840867	2267.09194453203	51_1585_5
48	Spectrogram 1	1	1589.52477792787	1590.01861669669	763.031339199937	2465.42960677362	51_1585_6
49	Spectrogram 1	1	1590.24714327358	1590.52252860957	630.806231038874	2316.67636009243	51_1590_1
50	Spectrogram 1	1	1591.3294150967	1591.5703644999	779.55947772007	2316.67636009243	51_1590_2
51	Spectrogram 1	1	1591.99597303673	1592.33001899487	779.55947772007	2399.31705269309	51_1590_3
52	Spectrogram 1	1	1594.16148312474	1594.36802548181	845.672031800601	2399.31705269309	51_1590_4
53	Spectrogram 1	1	1596.37867035048	1596.62546634996	746.503200679804	2200.9793904515	51_1595_1
54	Spectrogram 1	1	1597.03971854047	1597.35458453099	763.031339199937	2448.90146825349	51_1595_2
55	Spectrogram 1	1	1597.64679519964	1597.93301116353	647.334369559006	2597.65471493469	51_1595_3
56	Spectrogram 1	1	1598.3378354523	1598.63115972203	878.728308840867	2382.78891417296	51_1595_4
57	Spectrogram 1	1	3060.10128855072	3060.37771716041	498.58112287781	2531.54216085416	51_3060_1
58	Spectrogram 1	1	3060.67152349344	3060.90081080581	448.996707317412	2481.95774529376	51_3060_2
59	Spectrogram 1	1	3061.27439328487	3061.5736485323	548.165538438209	2548.07029937429	51_3060_3
60	Spectrogram 1	1	3061.87520303288	3062.14404921503	498.58112287781	2366.26077565283	51_3060_4
61	Spectrogram 1	1	3062.50746088411	3062.77574279563	498.58112287781	2399.31705269309	51_3060_5
62	Spectrogram 1	1	3063.14317881433	3063.41890576105	399.412291757013	2415.84519121323	51_3060_6
63	Spectrogram 1	1	3397.30974749212	3397.68411542457	548.165538438209	2366.26077565283	51_3395_1
64	Spectrogram 1	1	3397.91815348657	3398.18984574315	531.637399918076	2448.90146825349	51_3395_2
65	Spectrogram 1	1	3438.72264387959	3439.03677638805	696.918785119405	2845.57679273668	51_3435_1
66	Spectrogram 1	1	3439.28916090137	3439.62749828024	796.087616240203	2878.63306977695	51_3435_2
67	Spectrogram 1	1	3439.914021809	3440.24942297889	729.975062159671	2200.9793904515	51_3435_3
68	Spectrogram 1	1	3440.56706966788	3440.88918482386	862.200170320734	2118.33869785083	51_3440_1
69	Spectrogram 1	1	3460.26734556229	3460.42539086441	862.200170320734	2151.3949748911	51_3460_1
70	Spectrogram 1	1	3460.70387344291	3460.93782641861	779.55947772007	2118.33869785083	51_3460_2
71	Spectrogram 1	1	3461.82347057501	3462.0946668257	597.749953998608	2068.75428229043	51_3460_3
72	Spectrogram 1	1	3462.56943606433	3462.86952475101	647.334369559006	2349.73263713269	51_3460_4
73	Spectrogram 1	1	3475.08091315847	3475.23901900833	531.637399918076	1804.30406596831	51_3475_1
74	Spectrogram 1	1	3476.18078199253	3476.32376405235	482.052984357678	1672.07895780725	51_3475_2
75	Spectrogram 1	1	3482.8766721523	3483.15205748829	548.165538438209	2283.62008305216	51_3480_1
76	Spectrogram 1	1	3483.55460464806	3483.90482386621	614.278092518741	2300.14822157229	51_3480_2
77	Spectrogram 1	1	3484.25789316866	3484.60492814556	564.693676958342	2581.12657641455	51_3480_3
78	Spectrogram 1	1	3484.96805696727	3485.31994586984	465.524845837545	2267.09194453203	51_3485_1
79	Spectrogram 1	1	3485.61244835186	3485.95998382076	531.637399918076	2217.50752897163	51_3485_2
80	Spectrogram 1	1	3486.30329050764	3486.63286976722	498.58112287781	2118.33869785083	51_3485_3
81	Spectrogram 1	1	3486.92731492097	3487.29641934772	630.806231038874	2448.90146825349	51_3485_4
82	Spectrogram 1	1	3489.11725948151	3489.38440964452	564.693676958342	2134.86683637097	51_3485_5
83	Spectrogram 1	1	3489.84565859085	3489.95661304471	283.715322116083	2200.9793904515	51_3485_6
84	Spectrogram 1	1	3490.36633311629	3490.73194786212	548.165538438209	2448.90146825349	51_3490_1
85	Spectrogram 1	1	3492.06614484756	3492.24789228003	498.58112287781	2134.86683637097	51_3490_2
86	Spectrogram 1	1	3492.69385859452	3492.92162308436	746.503200679804	2167.92311341123	51_3490_3
87	Spectrogram 1	1	3541.54439102421	3541.99675372969	663.862508079139	2862.10493125681	51_3540_1
88	Spectrogram 1	1	3542.49433956049	3542.98237486599	663.862508079139	2944.74562385748	51_3540_2
89	Spectrogram 1	1	3543.47226356022	3544.01243937721	482.052984357678	2977.80190089774	51_3540_3
90	Spectrogram 1	1	3690.4079784231	3690.85526939983	548.165538438209	3126.55514757894	51_3690_1
91	Spectrogram 1	1	3691.38155808791	3691.89052904855	614.278092518741	3225.72397869974	51_3690_2
92	Spectrogram 1	1	3692.42397547011	3692.89228962249	614.278092518741	3159.6114246192	51_3690_3
93	Spectrogram 1	1	3796.21585869869	3796.66290898775	564.693676958342	2630.71099197495	51_3795_1
94	Spectrogram 1	1	3796.77955398553	3797.1396617507	548.165538438209	2382.78891417296	51_3795_2
95	Spectrogram 1	1	3797.31218813362	3797.58827080962	647.334369559006	2415.84519121323	51_3795_3
96	Spectrogram 1	1	3797.80803491914	3798.10555945502	696.918785119405	2481.95774529376	51_3795_4
97	Spectrogram 1	1	3798.37021860766	3798.64107961682	796.087616240203	2267.09194453203	51_3795_5
98	Spectrogram 1	1	3799.01160642253	3799.32850504797	713.446923639538	2498.48588381389	51_3795_6
99	Spectrogram 1	1	3879.00094289381	3879.2341995389	614.278092518741	2217.50752897163	51_3875_1
100	Spectrogram 1	1	3879.55936810991	3879.94308744876	614.278092518741	2729.87982309575	51_3875_2
101	Spectrogram 1	1	3880.06478358863	3880.34732634045	729.975062159671	2647.23913049509	51_3880_1
102	Spectrogram 1	1	3880.58539615671	3880.85489999657	895.256447361	2531.54216085416	51_3880_2
103	Spectrogram 1	1	3881.05483203093	3881.33967378783	696.918785119405	2399.31705269309	51_3880_3
104	Spectrogram 1	1	3881.55823948156	3881.87363901956	796.087616240203	2448.90146825349	51_3880_4
105	Spectrogram 1	1	3882.05270173915	3882.36515134119	779.55947772007	2399.31705269309	51_3880_5
106	Spectrogram 1	1	3882.59442454999	3882.94294965909	746.503200679804	2564.59843789442	51_3880_6
107	Spectrogram 1	1	3883.1364114171	3883.52045998436	597.749953998608	2597.65471493469	51_3880_7
108	Spectrogram 1	1	3883.72008342572	3883.99980598906	663.862508079139	2333.20449861256	51_3880_8
109	Spectrogram 1	1	3884.31053719625	3884.63222581629	746.503200679804	2564.59843789442	51_3880_9
110	Spectrogram 1	1	3884.85906437112	3885.22880337556	729.975062159671	2382.78891417296	51_3880_10
111	Spectrogram 1	1	3885.43282440018	3885.73957308404	614.278092518741	2316.67636009243	51_3885_1
112	Spectrogram 1	1	3885.99885943638	3886.34556803145	696.918785119405	2316.67636009243	51_3885_2
113	Spectrogram 1	1	3886.70865101133	3886.88984582362	696.918785119405	2465.42960677362	51_3885_3
114	Spectrogram 1	1	4933.9202851278	4934.44954936356	548.165538438209	2548.07029937429	51_4930_1
115	Spectrogram 1	1	4936.426168458	4936.78294357439	432.468568797279	1853.88848152871	51_4935_1
116	Spectrogram 1	1	5547.51695756369	5547.81454212519	680.390646599272	2911.68934681721	51_5545_1
117	Spectrogram 1	1	5548.10073823165	5548.46373280637	597.749953998608	2944.74562385748	51_5545_2
118	Spectrogram 1	1	5548.69637837101	5548.98710450983	647.334369559006	2928.21748533734	51_5545_3
119	Spectrogram 1	1	5549.33107900017	5549.61714962405	581.221815478475	3010.85817793801	51_5545_4
120	Spectrogram 1	1	5687.07421771798	5687.3820332771	614.278092518741	2845.57679273668	51_5685_1
121	Spectrogram 1	1	5687.63784103006	5687.92756878855	663.862508079139	3010.85817793801	51_5685_2
122	Spectrogram 1	1	5688.23153323969	5688.54500118689	564.693676958342	2862.10493125681	51_5685_3
123	Spectrogram 1	1	5688.89155452141	5689.24022673641	614.278092518741	3043.91445497827	51_5685_4
124	Spectrogram 1	1	7480.73954616643	7481.05257037423	663.862508079139	2531.54216085416	51_7480_1
125	Spectrogram 1	1	7481.30101860028	7481.58620925261	713.446923639538	2581.12657641455	51_7480_2
126	Spectrogram 1	1	11008.1432298253	11008.7316671476	0.716264996824901	2.6586785475365	1215.0
127	Spectrogram 1	1	11009.1911392167	11009.8768542667	0.635331098878584	2.78007939445597	1216.0
128	Spectrogram 1	1	11010.221145912	11010.9012693097	0.716264996824901	2.57774464959018	1217.0
129	Spectrogram 1	1	11011.3089582201	11011.9783877988	0.857899318230954	2.71937897099623	1218.0
130	Spectrogram 1	1	11012.3042989626	11013.1263503783	0.756731945798059	2.43611032818413	1219.0
131	Spectrogram 1	1	11013.9101789439	11014.5254690558	0.857899318230954	2.75984591996939	1220.0
132	Spectrogram 1	1	11016.9207964699	11017.8310793754	0.837665843744375	2.47657727715728	1221.0
133	Spectrogram 1	1	11018.6053115629	11019.2122532035	0.756731945798059	2.33494295575123	1222.0
134	Spectrogram 1	1	11019.8677515735	11020.4062696296	0.878132792717534	2.43611032818413	1223.0
135	Spectrogram 1	1	11022.9002829739	11023.5024292208	0.716264996824901	2.75984591996939	1224.0
136	Spectrogram 1	1	11023.7275432898	11024.3944142132	0.797198894771217	2.75984591996939	1225.0
137	Spectrogram 1	1	11024.6764073356	11025.3291876178	0.918599741690692	2.84077981791571	1226.0
138	Spectrogram 1	1	11025.5825971905	11026.1884559863	0.716264996824901	2.80031286894255	1227.0
139	Spectrogram 1	1	11026.417657707	11026.9100205867	0.837665843744375	2.49681075164386	1228.0
140	Spectrogram 1	1	11028.1638217144	11028.5934857406	0.797198894771217	2.43611032818413	1229.0
141	Spectrogram 1	1	11030.23677539	11030.8810631321	0.817432369257796	2.51704422613044	1230.0
142	Spectrogram 1	1	11031.3556832838	11031.8737783049	0.817432369257796	2.41587685369755	1231.0
143	Spectrogram 1	1	11035.2419210349	11035.8925273685	0.837665843744375	2.45634380267071	1232.0
144	Spectrogram 1	1	11036.2856530553	11036.8779340497	0.797198894771217	2.5575111751036	1233.0
145	Spectrogram 1	1	11037.8931412003	11038.4634065296	0.797198894771217	2.47657727715728	1234.0
146	Spectrogram 1	1	11043.3645128778	11043.9562982774	0.797198894771217	2.51704422613044	1235.0
147	Spectrogram 1	1	11044.31247566	11044.8512941212	0.776965420284638	2.53727770061702	1236.0
148	Spectrogram 1	1	11046.0217871655	11046.7558678831	0.776965420284638	3.16451540970098	1237.0
149	Spectrogram 1	1	11046.9706499305	11047.5563282036	0.797198894771217	3.12404846072782	1238.0
150	Spectrogram 1	1	11047.8489350822	11048.4635155483	0.898366267204113	2.53727770061702	1239.0
151	Spectrogram 1	1	11048.8489765859	11049.4071373221	0.878132792717534	2.29447600677807	1240.0
152	Spectrogram 1	1	11049.850926716	11050.3595615393	0.756731945798059	2.47657727715728	1241.0
153	Spectrogram 1	1	11050.9037692811	11051.547189409	0.797198894771217	2.27424253229149	1242.0
154	Spectrogram 1	1	11057.2225870023	11057.8557727352	0.776965420284638	2.49681075164386	1243.0
155	Spectrogram 1	1	11058.1192844541	11058.7414020698	0.938833216177271	2.39564337921097	1244.0
156	Spectrogram 1	1	11059.0501980922	11059.7620222323	0.857899318230954	2.96218066483518	1245.0
157	Spectrogram 1	1	11060.0039533514	11060.5592596011	0.918599741690692	2.71937897099623	1246.0
158	Spectrogram 1	1	11060.8693707768	11061.4775272906	0.857899318230954	2.45634380267071	1247.0
159	Spectrogram 1	1	11061.7676033399	11062.3305653691	0.797198894771217	2.98241413932176	1248.0
160	Spectrogram 1	1	11062.5915786484	11063.1580569699	0.817432369257796	3.1442819352144	1249.0
161	Spectrogram 1	1	11063.4622714614	11064.0898481354	0.73649847131148	2.57774464959018	1250.0
162	Spectrogram 1	1	11064.409687452	11064.9288909673	0.776965420284638	2.43611032818413	1251.0
163	Spectrogram 1	1	11065.2417413691	11065.7830853048	0.776965420284638	2.61821159856334	1252.0
164	Spectrogram 1	1	11066.0702042505	11066.5235836458	0.857899318230954	2.57774464959018	1253.0
165	Spectrogram 1	1	11066.8809722843	11067.2726460521	0.837665843744375	2.45634380267071	1254.0
166	Spectrogram 1	1	11067.9285932844	11068.4398325664	0.837665843744375	2.78007939445597	1255.0
167	Spectrogram 1	1	11071.6591118473	11072.2075970902	0.756731945798059	2.41587685369755	1256.0
168	Spectrogram 1	1	11072.52343674	11072.9961319369	0.817432369257796	2.33494295575123	1257.0
169	Spectrogram 1	1	11073.2497534827	11073.8884343155	0.837665843744375	2.90148024137545	1258.0
170	Spectrogram 1	1	11074.200049878	11074.7668602824	0.797198894771217	2.53727770061702	1259.0
171	Spectrogram 1	1	11075.0851608729	11075.600391193	0.878132792717534	2.33494295575123	1260.0
172	Spectrogram 1	1	11075.9305031122	11076.5506916189	0.837665843744375	2.47657727715728	1261.0
173	Spectrogram 1	1	11076.8402354946	11077.3389476414	0.756731945798059	2.57774464959018	1262.0
174	Spectrogram 1	1	11077.7173998222	11078.1208182692	0.918599741690692	2.27424253229149	1263.0
175	Spectrogram 1	1	11078.3695332595	11078.7622224925	0.898366267204113	2.6586785475365	1264.0
176	Spectrogram 1	1	11079.0739380963	11079.5864361962	0.817432369257796	2.63844507304992	1265.0
177	Spectrogram 1	1	11079.8131499472	11080.3051156916	0.938833216177271	2.69914549650965	1266.0
178	Spectrogram 1	1	11080.6540179686	11081.2123999802	0.817432369257796	2.53727770061702	1267.0
179	Spectrogram 1	1	11081.6447910601	11082.1607796093	0.817432369257796	2.25400905780491	1268.0
180	Spectrogram 1	1	11082.4184295866	11082.9027857913	0.918599741690692	2.57774464959018	1269.0
181	Spectrogram 1	1	11083.273517304	11083.7882920143	0.857899318230954	2.39564337921097	1270.0
182	Spectrogram 1	1	11084.0951612563	11084.5450053526	0.857899318230954	2.45634380267071	1271.0
183	Spectrogram 1	1	11087.3591070772	11088.0037945404	0.999533639637008	2.29447600677807	1272.0
184	Spectrogram 1	1	11088.4367398632	11088.7859574273	1.01976711412359	2.47657727715728	1273.0
185	Spectrogram 1	1	11091.5896514886	11092.2307915959	0.918599741690692	2.23377558331833	1274.0
186	Spectrogram 1	1	11093.6347726797	11093.9714290875	0.878132792717534	2.19330863434518	1275.0
187	Spectrogram 1	1	11094.3907308326	11094.9783345781	0.999533639637008	2.57774464959018	1276.0
188	Spectrogram 1	1	11095.4721344402	11096.0633736575	0.938833216177271	2.39564337921097	1277.0
189	Spectrogram 1	1	11096.4798916113	11097.0163143312	0.979300165150429	2.61821159856334	1278.0
190	Spectrogram 1	1	11097.3083242634	11097.8856395032	0.898366267204113	2.5575111751036	1279.0
191	Spectrogram 1	1	11098.3756597167	11098.7908127739	0.918599741690692	2.33494295575123	1280.0
192	Spectrogram 1	1	11099.3892970794	11099.7332586136	1.01976711412359	2.1730751598586	1281.0
193	Spectrogram 1	1	11100.2619866948	11100.9050818674	0.857899318230954	2.37540990472439	1282.0
194	Spectrogram 1	1	11101.3926393262	11101.9018743455	0.696031522338321	2.5575111751036	1283.0
195	Spectrogram 1	1	11102.2728961513	11102.9208449982	0.776965420284638	3.69058574635203	1284.0
196	Spectrogram 1	1	11103.0547454582	11103.663729084	0.716264996824901	3.10381498624124	1285.0
197	Spectrogram 1	1	11103.9377469267	11104.4117336536	0.857899318230954	2.53727770061702	1286.0
198	Spectrogram 1	1	11104.7255469194	11105.2762079697	0.817432369257796	2.59797812407676	1287.0
199	Spectrogram 1	1	11105.5069914568	11106.0045627368	0.797198894771217	2.51704422613044	1288.0
200	Spectrogram 1	1	11106.4033608687	11106.7914674982	0.776965420284638	2.21354210883176	1289.0
201	Spectrogram 1	1	11107.123422996	11107.6981538182	0.857899318230954	2.51704422613044	1290.0
202	Spectrogram 1	1	11108.0140858235	11108.403808502	0.756731945798059	2.33494295575123	1291.0
203	Spectrogram 1	1	11117.402819462	11117.8162283532	0.938833216177271	2.15284168537202	1292.0
204	Spectrogram 1	1	11118.4824658929	11118.9498662383	0.918599741690692	2.23377558331833	1293.0
205	Spectrogram 1	1	11122.387332476	11122.8777400156	1.06023406309675	2.45634380267071	1294.0
206	Spectrogram 1	1	11123.1631631402	11123.7231755851	1.06023406309675	2.41587685369755	1295.0
207	Spectrogram 1	1	11124.1490938315	11124.4976858737	0.898366267204113	2.41587685369755	1296.0
208	Spectrogram 1	1	11171.1113508763	11171.683889939	0.837665843744375	2.57774464959018	1297.0
209	Spectrogram 1	1	11172.8924477614	11173.446346728	0.898366267204113	2.39564337921097	1298.0
210	Spectrogram 1	1	11173.8739817324	11174.442469327	0.918599741690692	2.35517643023781	1299.0
211	Spectrogram 1	1	11174.683878837	11175.3894703519	0.878132792717534	2.59797812407676	1300.0
212	Spectrogram 1	1	11175.7174316777	11176.3071362869	0.756731945798059	2.43611032818413	1301.0
213	Spectrogram 1	1	11178.2332333462	11178.8548949966	0.776965420284638	2.37540990472439	1302.0
214	Spectrogram 1	1	11180.5448020704	11181.2245235165	0.696031522338321	2.67891202202308	1303.0
215	Spectrogram 1	1	11181.6156600204	11182.3019247274	0.756731945798059	2.69914549650965	1304.0
216	Spectrogram 1	1	11182.7151173972	11183.3679233125	0.817432369257796	2.45634380267071	1305.0
217	Spectrogram 1	1	11183.7933574382	11184.2237733902	0.73649847131148	2.01120736396596	1306.0
218	Spectrogram 1	1	11202.9763903059	11203.7336968748	0.655564573365163	2.80031286894255	1307.0
219	Spectrogram 1	1	11204.12597763	11204.8596851969	0.756731945798059	2.41587685369755	1308.0
220	Spectrogram 1	1	11205.345885254	11206.1374970564	0.756731945798059	2.53727770061702	1309.0
221	Spectrogram 1	1	11222.732662402	11223.379630096	0.817432369257796	2.47657727715728	1310.0
222	Spectrogram 1	1	11223.9036530698	11224.5988758341	0.776965420284638	2.53727770061702	1311.0
223	Spectrogram 1	1	11226.429781205	11227.0813966519	0.797198894771217	2.45634380267071	1312.0
224	Spectrogram 1	1	11227.4682799396	11228.090558853	0.776965420284638	2.61821159856334	1313.0
225	Spectrogram 1	1	11228.6927572747	11229.2406161391	0.837665843744375	2.61821159856334	1314.0
226	Spectrogram 1	1	11233.1403786409	11233.6148216887	0.776965420284638	2.19330863434518	1315.0
227	Spectrogram 1	1	11242.3206466121	11243.0939989197	0.918599741690692	2.43611032818413	1316.0
228	Spectrogram 1	1	11243.4094484853	11244.0171789014	0.837665843744375	2.63844507304992	1317.0
229	Spectrogram 1	1	11244.283866351	11244.9802907517	0.817432369257796	3.1442819352144	1318.0
230	Spectrogram 1	1	11245.2556995209	11245.8419604541	0.857899318230954	3.16451540970098	1319.0
231	Spectrogram 1	1	11246.1477468558	11246.618408585	0.837665843744375	2.49681075164386	1320.0
232	Spectrogram 1	1	11246.9032295358	11247.5777966277	0.797198894771217	2.5575111751036	1321.0
233	Spectrogram 1	1	11247.8499372393	11248.4282994118	0.837665843744375	2.67891202202308	1322.0
234	Spectrogram 1	1	11248.6872915479	11249.2791504527	0.878132792717534	2.90148024137545	1323.0
235	Spectrogram 1	1	11249.562067101	11249.9959054112	0.857899318230954	3.0431145627815	1324.0
236	Spectrogram 1	1	11250.6376159656	11250.9822196041	0.837665843744375	2.27424253229149	1325.0
237	Spectrogram 1	1	11252.7409535513	11253.122825002	0.837665843744375	2.45634380267071	1326.0
238	Spectrogram 1	1	11253.4851353976	11254.0862121009	0.898366267204113	2.75984591996939	1327.0
239	Spectrogram 1	1	11254.463130919	11255.0504932027	0.797198894771217	2.63844507304992	1328.0
240	Spectrogram 1	1	11255.5007087582	11256.0976269194	0.73649847131148	2.43611032818413	1329.0
241	Spectrogram 1	1	11256.5756616819	11257.1660388448	0.716264996824901	2.43611032818413	1330.0
242	Spectrogram 1	1	11257.6032174532	11258.1129540634	0.73649847131148	2.51704422613044	1331.0
243	Spectrogram 1	1	11260.0578086218	11260.4040631547	0.857899318230954	2.35517643023781	1332.0
244	Spectrogram 1	1	11260.8045309404	11261.3539355001	0.938833216177271	2.31470948126465	1333.0
245	Spectrogram 1	1	11261.7718990024	11262.2979718168	0.756731945798059	2.71937897099623	1334.0
246	Spectrogram 1	1	11262.7687076722	11263.3961431218	0.675798047851742	2.96218066483518	1335.0
247	Spectrogram 1	1	11263.8807393307	11264.4762692316	0.716264996824901	2.96218066483518	1336.0
248	Spectrogram 1	1	11265.2107886284	11265.6881543344	0.73649847131148	2.23377558331833	1337.0
249	Spectrogram 1	1	11266.2320413998	11266.8677578275	0.73649847131148	2.63844507304992	1338.0
250	Spectrogram 1	1	11273.7065742713	11274.276770847	0.837665843744375	2.41587685369755	1339.0
251	Spectrogram 1	1	11276.9779932623	11277.4819410426	0.898366267204113	2.41587685369755	1340.0
252	Spectrogram 1	1	11278.1962504931	11278.507325261	0.837665843744375	2.15284168537202	1341.0
253	Spectrogram 1	1	11284.6447596003	11285.2422726078	0.857899318230954	2.39564337921097	1342.0
254	Spectrogram 1	1	11286.0309372454	11286.329335217	0.837665843744375	2.59797812407676	1343.0
255	Spectrogram 1	1	11286.6904100851	11287.153090239	0.878132792717534	2.43611032818413	1344.0
256	Spectrogram 1	1	11287.4053406142	11287.9873352039	0.837665843744375	2.67891202202308	1345.0
257	Spectrogram 1	1	11288.2556347259	11288.7455655319	0.857899318230954	2.51704422613044	1346.0
258	Spectrogram 1	1	11288.9834311208	11289.5537693411	0.817432369257796	2.5575111751036	1347.0
259	Spectrogram 1	1	11289.821479158	11290.2944574179	0.95906669066385	2.96218066483518	1348.0
260	Spectrogram 1	1	11290.5921694648	11291.0420483904	0.817432369257796	2.6586785475365	1349.0
261	Spectrogram 1	1	11291.4421584437	11291.8283717472	0.878132792717534	2.37540990472439	1350.0
262	Spectrogram 1	1	11292.1680174816	11292.51385681	0.837665843744375	2.45634380267071	1351.0
263	Spectrogram 1	1	11297.2196778164	11297.7092586643	0.857899318230954	2.29447600677807	1352.0
264	Spectrogram 1	1	11298.0654849746	11298.6629018337	0.797198894771217	2.45634380267071	1353.0
265	Spectrogram 1	1	11299.0326636076	11299.579904627	0.837665843744375	2.80031286894255	1354.0
266	Spectrogram 1	1	11300.2963801432	11300.8837168907	0.898366267204113	2.43611032818413	1355.0
267	Spectrogram 1	1	11302.4139846897	11303.0171750409	0.918599741690692	2.27424253229149	1356.0
268	Spectrogram 1	1	11303.3726953251	11303.7804109205	0.776965420284638	2.39564337921097	1357.0
269	Spectrogram 1	1	11305.6360193691	11306.1351981321	0.918599741690692	2.43611032818413	1358.0
270	Spectrogram 1	1	11309.6272578359	11310.1904541995	0.857899318230954	2.35517643023781	1359.0
271	Spectrogram 1	1	11310.644941121	11311.253145216	0.938833216177271	2.43611032818413	1360.0
272	Spectrogram 1	1	11313.933924397	11314.451881329	0.857899318230954	2.27424253229149	1361.0
273	Spectrogram 1	1	11314.8049739542	11315.4432119291	0.898366267204113	2.41587685369755	1362.0
274	Spectrogram 1	1	11316.0143791174	11316.3569246086	0.979300165150429	2.19330863434518	1363.0
275	Spectrogram 1	1	11319.3021875643	11319.7833294333	0.878132792717534	2.29447600677807	1364.0
276	Spectrogram 1	1	11320.2541818964	11320.7209577543	0.857899318230954	2.21354210883176	1365.0
277	Spectrogram 1	1	11321.3169245707	11321.8919458582	0.817432369257796	2.5575111751036	1366.0
278	Spectrogram 1	1	11328.3206180788	11328.8590334247	0.837665843744375	2.29447600677807	1367.0
279	Spectrogram 1	1	11329.2947997999	11329.9634003434	0.938833216177271	2.57774464959018	1368.0
280	Spectrogram 1	1	11330.4454708283	11331.109573991	0.857899318230954	2.61821159856334	1369.0
281	Spectrogram 1	1	11331.9732273506	11332.6373637426	0.878132792717534	2.43611032818413	1370.0
282	Spectrogram 1	1	11338.3697110892	11338.8188191308	0.938833216177271	2.25400905780491	1371.0
283	Spectrogram 1	1	11339.2239459208	11339.8603324295	0.696031522338321	2.47657727715728	1372.0
284	Spectrogram 1	1	11340.3859652184	11340.9682056984	0.797198894771217	2.43611032818413	1373.0
285	Spectrogram 1	1	11343.4461290196	11344.0388904326	0.756731945798059	2.45634380267071	1374.0
286	Spectrogram 1	1	11344.279087082	11344.6408932459	0.878132792717534	2.92171371586202	1375.0
287	Spectrogram 1	1	11350.4757900058	11351.0212974616	0.776965420284638	2.43611032818413	1376.0
288	Spectrogram 1	1	11353.5391064715	11354.1155876982	0.817432369257796	2.33494295575123	1377.0
289	Spectrogram 1	1	11354.6869809492	11355.3221367781	0.534163726445688	2.82054634342913	1378.0
290	Spectrogram 1	1	11356.2954027691	11356.8166320751	0.554397200932268	2.5575111751036	1379.0
291	Spectrogram 1	1	11358.9253073915	11359.2444996095	0.73649847131148	2.05167431293912	1380.0
292	Spectrogram 1	1	11359.8101944495	11360.3435420055	0.837665843744375	2.19330863434518	1381.0
293	Spectrogram 1	1	11363.8460734599	11364.4063348012	0.95906669066385	2.49681075164386	1382.0
294	Spectrogram 1	1	11364.7385526918	11365.332151415	0.615097624392005	2.43611032818413	1383.0
295	Spectrogram 1	1	11365.7890437063	11366.4601402446	0.776965420284638	2.57774464959018	1384.0
296	Spectrogram 1	1	11366.7603125937	11367.3632942922	0.655564573365163	2.61821159856334	1385.0
297	Spectrogram 1	1	11367.8247183773	11368.0560828994	0.73649847131148	2.33494295575123	1386.0
298	Spectrogram 1	1	11369.6763757383	11370.0510806041	0.73649847131148	2.41587685369755	1387.0
299	Spectrogram 1	1	11370.3406172856	11370.9139697387	0.817432369257796	2.35517643023781	1388.0
300	Spectrogram 1	1	11376.460640441	11377.0053404218	0.857899318230954	2.27424253229149	1389.0
301	Spectrogram 1	1	11377.4161107425	11377.9851661604	0.797198894771217	2.43611032818413	1390.0
302	Spectrogram 1	1	11378.2905914669	11378.8128510748	0.817432369257796	2.57774464959018	1391.0
303	Spectrogram 1	1	11379.6564567517	11380.0780939327	0.675798047851742	2.82054634342913	1392.0
304	Spectrogram 1	1	11381.0221127615	11381.6041312711	0.898366267204113	2.29447600677807	1393.0
305	Spectrogram 1	1	11382.6118103659	11382.9426311867	0.878132792717534	2.35517643023781	1394.0
306	Spectrogram 1	1	11384.2321073242	11384.8360746202	0.837665843744375	2.1730751598586	1395.0
307	Spectrogram 1	1	11386.1240788718	11386.5146061645	0.837665843744375	2.39564337921097	1396.0
308	Spectrogram 1	1	11389.6120819331	11390.2197381327	0.817432369257796	2.43611032818413	1397.0
309	Spectrogram 1	1	11398.0237997922	11398.7478419511	0.918599741690692	2.47657727715728	1398.0
310	Spectrogram 1	1	11399.1078013221	11399.8021678665	0.938833216177271	2.21354210883176	1399.0
311	Spectrogram 1	1	11400.2362198274	11400.9823853072	0.878132792717534	2.49681075164386	1400.0
312	Spectrogram 1	1	11408.6161253426	11409.2715731643	0.797198894771217	2.43611032818413	1401.0
313	Spectrogram 1	1	11409.8026311769	11410.5828020185	0.817432369257796	2.25400905780491	1402.0
314	Spectrogram 1	1	11431.8353093338	11432.533420024	0.837665843744375	2.49681075164386	1403.0
315	Spectrogram 1	1	11432.9584646873	11433.7025310005	0.837665843744375	2.43611032818413	1404.0
316	Spectrogram 1	1	11440.6425457198	11441.1926795461	0.95906669066385	2.33494295575123	1405.0
317	Spectrogram 1	1	11441.5211537742	11442.1166711979	0.817432369257796	2.78007939445597	1406.0
318	Spectrogram 1	1	11442.4792073047	11443.1275925285	0.797198894771217	2.49681075164386	1407.0
319	Spectrogram 1	1	11443.4031329291	11444.0080413445	0.756731945798059	2.67891202202308	1408.0
320	Spectrogram 1	1	11444.3674254498	11444.8306273327	0.857899318230954	2.5575111751036	1409.0
321	Spectrogram 1	1	11445.136073718	11445.740013797	0.878132792717534	2.82054634342913	1410.0
322	Spectrogram 1	1	11446	11446.4939072665	0.898366267204113	3.12404846072782	1411.0
323	Spectrogram 1	1	11446.7749093478	11447.2863566037	0.797198894771217	2.49681075164386	1412.0
324	Spectrogram 1	1	11447.6566765827	11448.1505502314	0.837665843744375	3.08358151175466	1413.0
325	Spectrogram 1	1	11448.4949447466	11449.0930483983	0.776965420284638	3.16451540970098	1414.0
326	Spectrogram 1	1	11449.6726345967	11449.9441938076	0.776965420284638	2.0719077874257	1415.0
327	Spectrogram 1	1	11454.6470307136	11455.172994369	0.918599741690692	2.31470948126465	1416.0
328	Spectrogram 1	1	11455.5279417104	11456.0339276615	0.837665843744375	2.31470948126465	1417.0
329	Spectrogram 1	1	11456.3738918279	11457.0142114982	0.837665843744375	2.49681075164386	1418.0
330	Spectrogram 1	1	11457.4844409694	11457.9562003318	0.797198894771217	2.45634380267071	1419.0
331	Spectrogram 1	1	11458.28133248	11458.9204687286	0.776965420284638	2.51704422613044	1420.0
332	Spectrogram 1	1	11459.2659202636	11459.8576357459	0.615097624392005	2.5575111751036	1421.0
333	Spectrogram 1	1	11460.2712456453	11460.8275432139	0.716264996824901	2.49681075164386	1422.0
334	Spectrogram 1	1	11461.4856384682	11462.0378435654	0.857899318230954	2.45634380267071	1423.0
335	Spectrogram 1	1	11464.1046616536	11464.4906392489	0.776965420284638	2.25400905780491	1424.0
336	Spectrogram 1	1	11476.9560645799	11477.5982310294	0.95906669066385	2.51704422613044	1425.0
337	Spectrogram 1	1	11478.1532255768	11478.8726038852	0.95906669066385	2.39564337921097	1426.0
338	Spectrogram 1	1	11483.6653264504	11484.2074315728	0.837665843744375	2.33494295575123	1427.0
339	Spectrogram 1	1	11484.4858392845	11485.080782808	0.696031522338321	2.82054634342913	1428.0
340	Spectrogram 1	1	11485.364447778	11485.9447849923	0.817432369257796	2.59797812407676	1429.0
341	Spectrogram 1	1	11486.2355804732	11486.7032592917	0.878132792717534	2.5575111751036	1430.0
342	Spectrogram 1	1	11487.0655152479	11487.6252559431	0.857899318230954	2.59797812407676	1431.0
343	Spectrogram 1	1	11487.9290367852	11488.3664292718	0.837665843744375	2.6586785475365	1432.0
344	Spectrogram 1	1	11488.9589398847	11489.5046389422	0.817432369257796	2.67891202202308	1433.0
345	Spectrogram 1	1	11489.773745703	11490.2005202355	0.878132792717534	2.67891202202308	1434.0
346	Spectrogram 1	1	11490.7316647445	11491.2979399407	0.918599741690692	2.39564337921097	1435.0
347	Spectrogram 1	1	11500.3178156594	11500.867223694	0.554397200932268	2.6586785475365	1436.0
348	Spectrogram 1	1	11504.5110074757	11505.0968810517	0.696031522338321	2.45634380267071	1437.0
349	Spectrogram 1	1	11507.505924117	11508.0559680173	0.675798047851742	2.47657727715728	1438.0
350	Spectrogram 1	1	11508.6052707908	11509.1166517014	0.878132792717534	2.61821159856334	1439.0
351	Spectrogram 1	1	11509.6466599826	11510.2482281755	0.837665843744375	2.61821159856334	1440.0
352	Spectrogram 1	1	11515.8329107396	11516.4406370667	0.716264996824901	2.5575111751036	1441.0
353	Spectrogram 1	1	11517.1151260354	11517.80738252	0.817432369257796	2.69914549650965	1442.0
354	Spectrogram 1	1	11518.3180260385	11518.7755827564	0.554397200932268	2.84077981791571	1443.0
355	Spectrogram 1	1	11519.1711562197	11519.4810856115	0.837665843744375	2.27424253229149	1444.0
356	Spectrogram 1	1	11525.9459848977	11526.4827223746	0.898366267204113	2.21354210883176	1445.0
357	Spectrogram 1	1	11526.8947789185	11527.5389553198	0.534163726445688	2.75984591996939	1446.0
358	Spectrogram 1	1	11527.9933849143	11528.5944881235	0.635331098878584	2.49681075164386	1447.0
359	Spectrogram 1	1	11528.9700301568	11529.5015635487	0.776965420284638	2.9419471903486	1448.0
360	Spectrogram 1	1	11529.9792110746	11530.545658672	0.594864149905426	2.49681075164386	1449.0
361	Spectrogram 1	1	11530.8668433921	11531.1834654473	0.776965420284638	2.33494295575123	1450.0
362	Spectrogram 1	1	11547.6418981808	11548.254461713	0.878132792717534	2.35517643023781	1451.0
363	Spectrogram 1	1	11548.7341170284	11549.4598101302	0.999533639637008	2.31470948126465	1452.0
364	Spectrogram 1	1	12147.3917699377	12147.7016567581	548.165538438209	2399.31705269309	51_12145_1
365	Spectrogram 1	1	12540.2874826645	12540.8132257013	647.334369559006	2812.52051569641	51_12540_1
366	Spectrogram 1	1	12547.1262394763	12547.3157061033	432.468568797279	2548.07029937429	51_12545_1
367	Spectrogram 1	1	12554.735931191	12554.9226729116	647.334369559006	1787.77592744818	51_12555_1
368	Spectrogram 1	1	12555.5489757265	12555.714289897	729.975062159671	1969.58545116964	51_12555_2
369	Spectrogram 1	1	12555.9987647624	12556.2376531061	448.996707317412	2101.8105593307	51_12555_3
370	Spectrogram 1	1	12556.3859639403	12556.5556278738	763.031339199937	2432.37332973336	51_12555_4
371	Spectrogram 1	1	12556.826903499	12557.0947787148	961.369001441531	2134.86683637097	51_12555_5
372	Spectrogram 1	1	12557.2852652079	12557.3665533372	630.806231038874	2333.20449861256	51_12555_6
373	Spectrogram 1	1	12557.8036092281	12558.1063511458	729.975062159671	2448.90146825349	51_12555_7
374	Spectrogram 1	1	12558.3693029559	12558.5977628359	928.312724401265	2184.45125193136	51_12555_8
375	Spectrogram 1	1	12558.8689700625	12559.0009680847	812.615754760335	2333.20449861256	51_12555_9
376	Spectrogram 1	1	12559.9378427787	12560.1881994594	796.087616240203	2448.90146825349	51_12560_1
377	Spectrogram 1	1	12560.4299625886	12560.7297478785	763.031339199937	2316.67636009243	51_12560_2
378	Spectrogram 1	1	12561.159277236	12561.3684399067	812.615754760335	2300.14822157229	51_12560_3
379	Spectrogram 1	1	12561.6913395031	12561.869377564	845.672031800601	2267.09194453203	51_12560_4
380	Spectrogram 1	1	12563.4138956096	12563.7202498195	763.031339199937	2234.03566749176	51_12560_5
381	Spectrogram 1	1	12563.9534254408	12564.2086937534	713.446923639538	2250.5638060119	51_12560_6
382	Spectrogram 1	1	12570.027120379	12570.3405563174	812.615754760335	2283.62008305216	51_12570_1
383	Spectrogram 1	1	12570.5121129513	12570.78557455	878.728308840867	2101.8105593307	51_12570_2
384	Spectrogram 1	1	12572.1125543159	12572.5183348379	746.503200679804	2085.28242081057	51_12570_3
385	Spectrogram 1	1	12572.6684222226	12572.9626280387	713.446923639538	2349.73263713269	51_12570_4
386	Spectrogram 1	1	12573.3413197666	12573.6492409919	763.031339199937	2300.14822157229	51_12570_5
387	Spectrogram 1	1	12582.1312778758	12582.5396203684	647.334369559006	2415.84519121323	51_12580_1
388	Spectrogram 1	1	12582.8501694839	12583.1412891676	663.862508079139	2564.59843789442	51_12580_2
389	Spectrogram 1	1	12675.4563649355	12675.7281190429	713.446923639538	1969.58545116964	51_12675_1
390	Spectrogram 1	1	12676.053699906	12676.2852522918	796.087616240203	1853.88848152871	51_12675_2
391	Spectrogram 1	1	12677.1199984792	12677.4021977305	878.728308840867	2200.9793904515	51_12675_3
392	Spectrogram 1	1	12677.6481375416	12677.9584803756	779.55947772007	2448.90146825349	51_12675_4
393	Spectrogram 1	1	12678.9642695188	12679.0389972858	680.390646599272	2052.2261437703	51_12675_5
394	Spectrogram 1	1	12679.3635057657	12679.6220328259	647.334369559006	2118.33869785083	51_12675_6
395	Spectrogram 1	1	12869.7055721059	12869.8186779552	680.390646599272	2597.65471493469	51_12870_1
396	Spectrogram 1	1	12870.3092442681	12870.5007858057	614.278092518741	2432.37332973336	51_12870_2
397	Spectrogram 1	1	12871.0196581452	12871.2549733878	630.806231038874	2333.20449861256	51_12870_3
398	Spectrogram 1	1	12986.952263105	12987.3416259119	647.334369559006	2399.31705269309	51_12985_1
399	Spectrogram 1	1	12987.6396270668	12987.9524106371	614.278092518741	2465.42960677362	51_12985_2
400	Spectrogram 1	1	12988.8879029858	12989.1874753878	630.806231038874	2614.18285345482	51_12985_3
401	Spectrogram 1	1	12989.4232724749	12989.7431776756	630.806231038874	2548.07029937429	51_12985_4
402	Spectrogram 1	1	12990.7632517005	12991.1386127303	630.806231038874	2118.33869785083	51_12990_1
403	Spectrogram 1	1	13061.2876132065	13061.5384213251	763.031339199937	2515.01402233402	51_13060_1
404	Spectrogram 1	1	13061.8608253406	13062.1063716183	779.55947772007	2382.78891417296	51_13060_2
405	Spectrogram 1	1	13062.3641031605	13062.6343394201	763.031339199937	2200.9793904515	51_13060_3
406	Spectrogram 1	1	13205.9391053044	13206.2187993615	845.672031800601	2316.67636009243	51_13205_1
407	Spectrogram 1	1	13207.6438200742	13207.8787078677	845.672031800601	2481.95774529376	51_13205_2
408	Spectrogram 1	1	13208.2570823028	13208.5440744842	862.200170320734	2481.95774529376	51_13205_3
409	Spectrogram 1	1	13227.2461470022	13227.4887650509	1044.0096940422	2548.07029937429	51_13225_1
410	Spectrogram 1	1	13227.7787509678	13227.9830952903	1077.06597108246	2581.12657641455	51_13225_2
411	Spectrogram 1	1	13228.2430652766	13228.5876260656	895.256447361	2465.42960677362	51_13225_3
412	Spectrogram 1	1	13228.7606988088	13229.039318972	944.840862921399	2366.26077565283	51_13225_4
413	Spectrogram 1	1	13229.321034614	13229.5685510701	862.200170320734	2663.76726901522	51_13225_5
414	Spectrogram 1	1	13229.7954207395	13230.0543696982	911.784585881133	2531.54216085416	51_13225_6
415	Spectrogram 1	1	13230.2571931011	13230.502041342	911.784585881133	2052.2261437703	51_13230_1
416	Spectrogram 1	1	13230.7138826923	13231.1245342392	994.425278481797	2531.54216085416	51_13230_2
417	Spectrogram 1	1	13231.3563625815	13231.6020303014	961.369001441531	2300.14822157229	51_13230_3
418	Spectrogram 1	1	13231.8575715296	13232.1915994522	928.312724401265	2548.07029937429	51_13230_4
419	Spectrogram 1	1	13232.4341037402	13232.7550107019	845.672031800601	2548.07029937429	51_13230_5
420	Spectrogram 1	1	13232.954988609	13233.3107048759	878.728308840867	2333.20449861256	51_13230_6
421	Spectrogram 1	1	13233.5007896998	13233.7663073036	878.728308840867	2267.09194453203	51_13230_7
422	Spectrogram 1	1	13234.0425439415	13234.3340159473	895.256447361	2134.86683637097	51_13230_8
423	Spectrogram 1	1	13234.5853111649	13234.9138340183	713.446923639538	2217.50752897163	51_13230_9
424	Spectrogram 1	1	13235.0534027211	13235.3441843148	961.369001441531	2200.9793904515	51_13235_1
425	Spectrogram 1	1	13235.5691685492	13235.8698143241	961.369001441531	2300.14822157229	51_13235_2
426	Spectrogram 1	1	13236.1114676314	13236.2989759465	911.784585881133	2448.90146825349	51_13235_3
427	Spectrogram 1	1	13236.7432140674	13236.9770156563	895.256447361	2167.92311341123	51_13235_4
428	Spectrogram 1	1	13237.2804698797	13237.5529889541	763.031339199937	2035.69800525017	51_13235_5
429	Spectrogram 1	1	13237.7489193832	13237.9616817094	713.446923639538	2200.9793904515	51_13235_6
430	Spectrogram 1	1	13238.3295777228	13238.5288283059	796.087616240203	2167.92311341123	51_13235_7
431	Spectrogram 1	1	13238.8651413698	13239.1088745146	763.031339199937	2250.5638060119	51_13235_8
432	Spectrogram 1	1	13239.4094579109	13239.6675087872	713.446923639538	2333.20449861256	51_13235_9
433	Spectrogram 1	1	13239.9607623495	13240.2730101878	812.615754760335	2448.90146825349	51_13240_1
434	Spectrogram 1	1	13240.497406077	13240.7858103992	812.615754760335	2300.14822157229	51_13240_2
435	Spectrogram 1	1	13241.1285445543	13241.3223024591	895.256447361	2217.50752897163	51_13240_3
436	Spectrogram 1	1	13242.9590995227	13243.3070418092	779.55947772007	2696.82354605548	51_13240_4
437	Spectrogram 1	1	13243.6128935256	13243.8962639344	696.918785119405	2415.84519121323	51_13240_5
438	Spectrogram 1	1	13244.2052877435	13244.4088145695	928.312724401265	2316.67636009243	51_13240_6
439	Spectrogram 1	1	13244.7378150833	13245.0015498681	729.975062159671	2399.31705269309	51_13240_7
440	Spectrogram 1	1	13245.3068791711	13245.7598812749	763.031339199937	2614.18285345482	51_13245_1
441	Spectrogram 1	1	13250.5436349757	13250.8596949	862.200170320734	2564.59843789442	51_13250_1
442	Spectrogram 1	1	13251.0756534186	13251.25256126	812.615754760335	2200.9793904515	51_13250_2
443	Spectrogram 1	1	13252.5517672691	13252.7357630617	812.615754760335	2200.9793904515	51_13250_3
444	Spectrogram 1	1	13252.9347927173	13253.1745936783	746.503200679804	2382.78891417296	51_13250_4
445	Spectrogram 1	1	13253.5044313838	13253.7787730638	746.503200679804	2316.67636009243	51_13250_5
446	Spectrogram 1	1	13254.0909236603	13254.3135816257	812.615754760335	2366.26077565283	51_13250_6
447	Spectrogram 1	1	13255.1463246408	13255.2671678696	994.425278481797	2300.14822157229	51_13255_1
448	Spectrogram 1	1	13257.613281116	13257.9112567066	977.897139961664	2481.95774529376	51_13255_2
449	Spectrogram 1	1	13258.1671183814	13258.422386694	944.840862921399	2316.67636009243	51_13255_3
450	Spectrogram 1	1	13258.6970475588	13258.9942278668	812.615754760335	2448.90146825349	51_13255_4
451	Spectrogram 1	1	13259.2971317437	13259.472029088	812.615754760335	2465.42960677362	51_13255_5
452	Spectrogram 1	1	13259.8156095264	13260.0212256167	878.728308840867	2498.48588381389	51_13255_6
453	Spectrogram 1	1	13260.5263748084	13260.620518345	878.728308840867	2415.84519121323	51_13260_1
454	Spectrogram 1	1	13260.9504035978	13261.2402438276	763.031339199937	2366.26077565283	51_13260_2
455	Spectrogram 1	1	13261.4261161946	13261.7044514209	779.55947772007	2382.78891417296	51_13260_3
456	Spectrogram 1	1	13261.9656259362	13262.2338911954	763.031339199937	2267.09194453203	51_13260_4
457	Spectrogram 1	1	13262.628898005	13262.7743163016	994.425278481797	2465.42960677362	51_13260_5
458	Spectrogram 1	1	13263.1108014708	13263.3634781052	829.143893280468	2531.54216085416	51_13260_6
459	Spectrogram 1	1	13263.5030536645	13263.7937798033	862.200170320734	2647.23913049509	51_13260_7
460	Spectrogram 1	1	13264.1209413537	13264.3163878003	829.143893280468	2432.37332973336	51_13260_8
461	Spectrogram 1	1	13265.5187969996	13265.6915738082	1060.53783256233	2300.14822157229	51_13265_1
462	Spectrogram 1	1	13265.9249187344	13266.0887071348	1110.12224812273	2316.67636009243	51_13265_2
463	Spectrogram 1	1	13266.4349098751	13266.5239237538	1027.48155552206	2366.26077565283	51_13265_3
464	Spectrogram 1	1	13266.8567859431	13266.9765746777	944.840862921399	2465.42960677362	51_13265_4
465	Spectrogram 1	1	13267.3668787901	13267.6365422731	994.425278481797	2316.67636009243	51_13265_5
466	Spectrogram 1	1	13267.8149224379	13268.1813700964	729.975062159671	2564.59843789442	51_13265_6
467	Spectrogram 1	1	13268.4466419474	13268.700802852	779.55947772007	2481.95774529376	51_13265_7
468	Spectrogram 1	1	13271.6965919754	13271.9270325587	994.425278481797	2283.62008305216	51_13270_1
469	Spectrogram 1	1	13272.1595658965	13272.3628579685	845.672031800601	2415.84519121323	51_13270_2
470	Spectrogram 1	1	13274.2818035685	13274.6122144604	862.200170320734	2548.07029937429	51_13270_3
471	Spectrogram 1	1	13274.8313679206	13275.0902739545	845.672031800601	2498.48588381389	51_13270_4
472	Spectrogram 1	1	13275.4780833596	13275.703451654	961.369001441531	2283.62008305216	51_13275_1
473	Spectrogram 1	1	13275.9612623739	13276.247182459	729.975062159671	2399.31705269309	51_13275_2
474	Spectrogram 1	1	13276.4469286924	13276.7067018792	696.918785119405	2432.37332973336	51_13275_3
475	Spectrogram 1	1	13278.9292516847	13279.1752506033	911.784585881133	2382.78891417296	51_13275_4
476	Spectrogram 1	1	13287.0173714725	13287.2891659051	862.200170320734	2448.90146825349	51_13285_1
477	Spectrogram 1	1	13287.4951536068	13287.7088337821	812.615754760335	2349.73263713269	51_13285_2
478	Spectrogram 1	1	13289.3766832775	13289.6875607589	829.143893280468	2663.76726901522	51_13285_3
479	Spectrogram 1	1	13289.9503128538	13290.1596291885	812.615754760335	2548.07029937429	51_13290_1
480	Spectrogram 1	1	13291.6423571487	13291.9608100747	1010.95341700193	2647.23913049509	51_13290_2
481	Spectrogram 1	1	13293.4698338722	13293.742388479	944.840862921399	2300.14822157229	51_13290_3
482	Spectrogram 1	1	13293.9470309279	13294.228744549	779.55947772007	2481.95774529376	51_13290_4
483	Spectrogram 1	1	13296.1039795677	13296.4020359948	845.672031800601	2333.20449861256	51_13295_1
484	Spectrogram 1	1	13297.185717579	13297.3920623274	862.200170320734	2515.01402233402	51_13295_2
485	Spectrogram 1	1	13300.3531346528	13300.5393167238	928.312724401265	2349.73263713269	51_13300_1
486	Spectrogram 1	1	13303.0238455751	13303.1356318582	895.256447361	2200.9793904515	51_13300_2
487	Spectrogram 1	1	13303.4631364173	13303.7228760693	696.918785119405	2548.07029937429	51_13300_3
488	Spectrogram 1	1	13307.4855965517	13307.6040289064	696.918785119405	2300.14822157229	51_13305_1
489	Spectrogram 1	1	13307.8768640413	13308.0585721486	729.975062159671	2448.90146825349	51_13305_2
490	Spectrogram 1	1	13308.3388222417	13308.4585624809	796.087616240203	2465.42960677362	51_13305_3
491	Spectrogram 1	1	13308.8360087218	13308.997257702	696.918785119405	2333.20449861256	51_13305_4
492	Spectrogram 1	1	13310.6544530112	13310.966492716	862.200170320734	2333.20449861256	51_13310_1
493	Spectrogram 1	1	13312.7751187156	13312.9447387728	829.143893280468	2316.67636009243	51_13310_4
494	Spectrogram 1	1	13313.1985854155	13313.486218429	812.615754760335	2399.31705269309	51_13310_2
495	Spectrogram 1	1	13313.8304469342	13313.9977187625	845.672031800601	2531.54216085416	51_13310_3
496	Spectrogram 1	1	13320.2556859828	13320.5456171789	696.918785119405	2366.26077565283	51_13320_1
497	Spectrogram 1	1	13320.842867742	13320.9756665432	796.087616240203	2349.73263713269	51_13320_2
498	Spectrogram 1	1	13323.5778282508	13323.7312712636	961.369001441531	2267.09194453203	51_13320_3
499	Spectrogram 1	1	13323.9621066452	13324.1721786498	845.672031800601	2498.48588381389	51_13320_4
500	Spectrogram 1	1	13324.4559971205	13324.6376707472	845.672031800601	2531.54216085416	51_13320_5
501	Spectrogram 1	1	13325.6707545143	13325.8775800924	597.749953998608	2085.28242081057	51_13325_1
502	Spectrogram 1	1	13326.0552421375	13326.3506475547	713.446923639538	2382.78891417296	51_13325_2
503	Spectrogram 1	1	13327.3748209942	13327.6868454889	680.390646599272	2333.20449861256	51_13325_3
504	Spectrogram 1	1	13327.8476222513	13328.0893592227	680.390646599272	2597.65471493469	51_13325_4
505	Spectrogram 1	1	13328.4377823971	13328.5846187977	829.143893280468	2184.45125193136	51_13325_5
506	Spectrogram 1	1	13328.9207045628	13329.1211319328	796.087616240203	2382.78891417296	51_13325_6
507	Spectrogram 1	1	13330.2707669399	13330.4792913486	1044.0096940422	2167.92311341123	51_13330_1
508	Spectrogram 1	1	13330.6903959555	13330.9318500826	862.200170320734	2234.03566749176	51_13330_2
509	Spectrogram 1	1	13331.1798848263	13331.4593086938	779.55947772007	2300.14822157229	51_13330_3
510	Spectrogram 1	1	13331.7246614863	13331.8790677455	977.897139961664	2349.73263713269	51_13330_4
511	Spectrogram 1	1	13332.6309543524	13332.8836082661	895.256447361	2382.78891417296	51_13330_5
512	Spectrogram 1	1	13333.1335658355	13333.3555414038	845.672031800601	2349.73263713269	51_13330_6
513	Spectrogram 1	1	13334.9643132212	13335.2185697765	779.55947772007	2349.73263713269	51_13335_1
514	Spectrogram 1	1	13335.4914740901	13335.744103591	977.897139961664	2465.42960677362	51_13335_2
515	Spectrogram 1	1	13337.0245365851	13337.2627597863	911.784585881133	2300.14822157229	51_13335_3
516	Spectrogram 1	1	13337.5234591004	13337.7109674155	862.200170320734	2399.31705269309	51_13335_4
517	Spectrogram 1	1	13338.3868963335	13338.5377529994	944.840862921399	2564.59843789442	51_13335_5
518	Spectrogram 1	1	13346.2334873202	13346.4729083344	729.975062159671	2498.48588381389	51_13345_1
519	Spectrogram 1	1	13360.5010119799	13360.763609983	763.031339199937	2531.54216085416	51_13360_1
520	Spectrogram 1	1	13360.9283988759	13361.1572364299	713.446923639538	2465.42960677362	51_13360_2
521	Spectrogram 1	1	13361.4693155066	13361.5962259889	746.503200679804	2267.09194453203	51_13360_3
522	Spectrogram 1	1	13361.9269349168	13362.1834586955	696.918785119405	2399.31705269309	51_13360_4
523	Spectrogram 1	1	13362.49058696	13362.7247495784	845.672031800601	2614.18285345482	51_13360_5
524	Spectrogram 1	1	13363.0062875216	13363.2652383365	895.256447361	2399.31705269309	51_13360_6
525	Spectrogram 1	1	13363.4955292721	13363.7391476835	829.143893280468	2399.31705269309	51_13360_7
526	Spectrogram 1	1	13364.0106133478	13364.2777699251	763.031339199937	2448.90146825349	51_13360_8
527	Spectrogram 1	1	13365.9461305727	13366.2595665111	812.615754760335	2300.14822157229	51_13365_1
528	Spectrogram 1	1	13366.438449196	13366.6673093706	895.256447361	2366.26077565283	51_13365_2
529	Spectrogram 1	1	13366.9734998781	13367.1994721516	862.200170320734	2581.12657641455	51_13365_3
530	Spectrogram 1	1	13367.4734393789	13367.6658247537	928.312724401265	2432.37332973336	51_13365_4
531	Spectrogram 1	1	13368.8796570562	13369.0933734467	1077.06597108246	2283.62008305216	51_13365_5
532	Spectrogram 1	1	13369.3757931731	13369.6412104741	944.840862921399	2465.42960677362	51_13365_6
533	Spectrogram 1	1	13370.869119041	13371.1489999172	895.256447361	2316.67636009243	51_13370_1
534	Spectrogram 1	1	13371.2992890022	13371.5305177156	895.256447361	2101.8105593307	51_13370_2
535	Spectrogram 1	1	13371.8168655763	13372.0331411504	911.784585881133	2234.03566749176	51_13370_3
536	Spectrogram 1	1	13372.7841942649	13373.0583038928	1027.48155552206	2300.14822157229	51_13370_4
537	Spectrogram 1	1	13373.2836108489	13373.5560154941	911.784585881133	2300.14822157229	51_13370_5
538	Spectrogram 1	1	13373.9420216199	13374.1730687837	1110.12224812273	2333.20449861256	51_13370_6
539	Spectrogram 1	1	13374.3831913101	13374.7127993343	845.672031800601	2333.20449861256	51_13370_7
540	Spectrogram 1	1	13375.5033672582	13375.815797076	779.55947772007	2316.67636009243	51_13375_1
541	Spectrogram 1	1	13376.0206662249	13376.3099424712	812.615754760335	2217.50752897163	51_13375_2
542	Spectrogram 1	1	13376.6029744459	13376.8541724104	829.143893280468	2432.37332973336	51_13375_3
543	Spectrogram 1	1	13377.1960015204	13377.389204107	845.672031800601	2597.65471493469	51_13375_4
544	Spectrogram 1	1	13378.6557511059	13378.898057407	796.087616240203	2515.01402233402	51_13375_5
545	Spectrogram 1	1	13379.5433192348	13379.6468285101	878.728308840867	2481.95774529376	51_13375_6
546	Spectrogram 1	1	13380.3779758217	13380.5196970847	862.200170320734	2432.37332973336	51_13380_1
547	Spectrogram 1	1	13380.7546728578	13380.9548081784	663.862508079139	2267.09194453203	51_13380_2
548	Spectrogram 1	1	13383.1423473606	13383.348045058	696.918785119405	2217.50752897163	51_13380_3
549	Spectrogram 1	1	13383.5431429956	13383.8028409406	928.312724401265	2316.67636009243	51_13380_4
550	Spectrogram 1	1	13384.0236935045	13384.2261348948	796.087616240203	2283.62008305216	51_13380_5
551	Spectrogram 1	1	13384.8222134721	13384.9160384378	829.143893280468	2300.14822157229	51_13380_6
552	Spectrogram 1	1	13385.2653968834	13385.4788367254	812.615754760335	2465.42960677362	51_13385_1
553	Spectrogram 1	1	13386.6096317217	13386.8385805025	1044.0096940422	2399.31705269309	51_13385_2
554	Spectrogram 1	1	13387.0893775024	13387.3326535929	911.784585881133	2432.37332973336	51_13385_3
555	Spectrogram 1	1	13387.5656641921	13387.8303785034	779.55947772007	2481.95774529376	51_13385_4
556	Spectrogram 1	1	13389.430798415	13389.7530413628	862.200170320734	2515.01402233402	51_13385_5
557	Spectrogram 1	1	13389.9436028229	13390.1493824569	729.975062159671	2250.5638060119	51_13390_1
558	Spectrogram 1	1	13390.443320398	13390.6223501616	862.200170320734	2349.73263713269	51_13390_2
559	Spectrogram 1	1	13391.3311698956	13391.6532581048	746.503200679804	2382.78891417296	51_13390_3
560	Spectrogram 1	1	13391.8094374866	13392.17115631	812.615754760335	2680.29540753535	51_13390_4
561	Spectrogram 1	1	13392.3826739664	13392.6159306115	713.446923639538	2630.71099197495	51_13390_5
562	Spectrogram 1	1	13392.8621502557	13393.0993662862	763.031339199937	2382.78891417296	51_13390_6
563	Spectrogram 1	1	13393.4037891283	13393.7046606881	845.672031800601	2300.14822157229	51_13390_7
564	Spectrogram 1	1	13393.8564355409	13394.2010081731	862.200170320734	2564.59843789442	51_13390_8
565	Spectrogram 1	1	13394.4276402145	13394.6710391888	763.031339199937	2663.76726901522	51_13390_9
566	Spectrogram 1	1	13395.2968732402	13395.5669368168	746.503200679804	2415.84519121323	51_13395_1
567	Spectrogram 1	1	13395.8722075728	13396.261674029	729.975062159671	2845.57679273668	51_13395_2
568	Spectrogram 1	1	13396.4120800572	13396.7080679383	763.031339199937	2895.16120829708	51_13395_3
569	Spectrogram 1	1	13396.9165885368	13397.1882807934	796.087616240203	2548.07029937429	51_13395_4
570	Spectrogram 1	1	13397.3695071094	13397.6143553503	862.200170320734	2564.59843789442	51_13395_5
571	Spectrogram 1	1	13397.8879380498	13398.1629569744	763.031339199937	2200.9793904515	51_13395_6
572	Spectrogram 1	1	13398.3702411941	13398.6462304313	746.503200679804	2382.78891417296	51_13395_7
573	Spectrogram 1	1	13398.9440143292	13399.2927886622	763.031339199937	2829.04865421655	51_13395_8
574	Spectrogram 1	1	13399.6179152511	13399.8421600018	796.087616240203	2663.76726901522	51_13395_9
575	Spectrogram 1	1	13401.4569288975	13401.6247973581	812.615754760335	2234.03566749176	51_13400_1
576	Spectrogram 1	1	13401.9446255777	13402.1514468249	928.312724401265	2349.73263713269	51_13400_2
577	Spectrogram 1	1	13402.4067226512	13402.6196702648	944.840862921399	2432.37332973336	51_13400_3
578	Spectrogram 1	1	13402.8841108933	13402.900491212	862.200170320734	2349.73263713269	51_13400_4
579	Spectrogram 1	1	13403.3801555289	13403.6209384571	895.256447361	2399.31705269309	51_13400_5
580	Spectrogram 1	1	13403.8933123486	13404.220492224	878.728308840867	2680.29540753535	51_13400_6
581	Spectrogram 1	1	13404.4430663517	13404.6335452062	729.975062159671	2630.71099197495	51_13400_7
582	Spectrogram 1	1	13410.2713571465	13410.5077995217	663.862508079139	2300.14822157229	51_13410_1
583	Spectrogram 1	1	13411.8113053255	13411.9515619899	961.369001441531	2134.86683637097	51_13410_2
584	Spectrogram 1	1	13412.1873233157	13412.4361968591	928.312724401265	2333.20449861256	51_13410_3
585	Spectrogram 1	1	13412.7135736131	13412.8953806676	845.672031800601	2481.95774529376	51_13410_4
586	Spectrogram 1	1	13459.9759090526	13460.1910550087	928.312724401265	1771.24778892804	51_13460_1
587	Spectrogram 1	1	13460.6016380189	13460.8699596586	680.390646599272	2432.37332973336	51_13460_2
588	Spectrogram 1	1	13585.9132426181	13586.1812177178	663.862508079139	2663.76726901522	51_13585_1
589	Spectrogram 1	1	13586.6225330855	13586.9442910773	647.334369559006	2581.12657641455	51_13585_2
590	Spectrogram 1	1	13587.2956698254	13587.559065418	680.390646599272	2349.73263713269	51_13585_3
591	Spectrogram 1	1	13642.3952163673	13642.75440882	647.334369559006	2432.37332973336	51_13640_1
592	Spectrogram 1	1	13671.7878259312	13672.1246649946	812.615754760335	2002.6417282099	51_13670_1
593	Spectrogram 1	1	13672.3745826435	13672.674407781	746.503200679804	2432.37332973336	51_13670_2
594	Spectrogram 1	1	13672.944188839	13673.3819014058	597.749953998608	2515.01402233402	51_13670_3
595	Spectrogram 1	1	13673.6260895437	13673.8531947193	531.637399918076	2399.31705269309	51_13670_4
596	Spectrogram 1	1	13674.3034494795	13674.5468606404	614.278092518741	2283.62008305216	51_13670_5
597	Spectrogram 1	1	13674.893746949	13675.1877745445	581.221815478475	2250.5638060119	51_13670_6
598	Spectrogram 1	1	13676.1139937005	13676.3691138066	630.806231038874	2333.20449861256	51_13675_1
599	Spectrogram 1	1	13677.7047030024	13678.0584373134	597.749953998608	2448.90146825349	51_13675_2
600	Spectrogram 1	1	14814.4038398012	14815.1156587825	696.918785119405	2515.01402233402	51_14810_1
601	Spectrogram 1	1	14815.4063882611	14816.1428029311	614.278092518741	2564.59843789442	51_14815_1
602	Spectrogram 1	1	14816.7980534724	14817.4203319586	663.862508079139	2366.26077565283	51_14815_2
603	Spectrogram 1	1	14857.310356378	14857.885473699	597.749953998608	2267.09194453203	51_14855_1
604	Spectrogram 1	1	14858.6082514073	14859.2088474405	597.749953998608	2614.18285345482	51_14855_2
605	Spectrogram 1	1	14859.7198357051	14860.5034584304	597.749953998608	2564.59843789442	51_14855_3
606	Spectrogram 1	1	14860.8433713429	14861.5470707645	581.221815478475	2581.12657641455	51_14860_1
607	Spectrogram 1	1	14861.8867249618	14862.5257086678	581.221815478475	2729.87982309575	51_14860_2
608	Spectrogram 1	1	14863.0633333579	14863.8137427562	581.221815478475	2564.59843789442	51_14860_3
609	Spectrogram 1	1	14865.3533449459	14865.9140587917	515.109261397944	2548.07029937429	51_14865_1
610	Spectrogram 1	1	14867.0075480747	14867.6279085043	548.165538438209	2531.54216085416	51_14865_2
611	Spectrogram 1	1	14887.8174794147	14888.6189661322	482.052984357678	2481.95774529376	51_14885_1
612	Spectrogram 1	1	14889.0059658721	14889.7171241223	465.524845837545	2647.23913049509	51_14885_2
613	Spectrogram 1	1	14890.2853284175	14890.953978604	548.165538438209	2564.59843789442	51_14890_1
614	Spectrogram 1	1	16001.1869384514	16001.7805487755	531.637399918076	2680.29540753535	51_16000_1
615	Spectrogram 1	1	16002.2621595361	16002.8272233867	498.58112287781	2829.04865421655	51_16000_2
616	Spectrogram 1	1	16763.7883205267	16764.0142121339	531.637399918076	1853.88848152871	51_16760_1
617	Spectrogram 1	1	17770.4031887547	17770.5799353633	531.637399918076	1738.19151188778	51_17770_1
618	Spectrogram 1	1	17770.8784329243	17771.2135829081	663.862508079139	2415.84519121323	51_17770_2
619	Spectrogram 1	1	17771.5513304989	17771.873711606	647.334369559006	2068.75428229043	51_17770_3
620	Spectrogram 1	1	17772.225937917	17772.5325611853	614.278092518741	2101.8105593307	51_17770_4
621	Spectrogram 1	1	17776.6439326715	17776.7100956814	845.672031800601	1903.47289708911	51_17775_1
622	Spectrogram 1	1	17777.1792772437	17777.4049705359	713.446923639538	2382.78891417296	51_17775_2
623	Spectrogram 1	1	17777.791994388	17778.0438318202	713.446923639538	2680.29540753535	51_17775_3
624	Spectrogram 1	1	17799.9215702165	17800.475066222	779.55947772007	2795.99237717628	51_17800_1
625	Spectrogram 1	1	17800.8717626173	17801.4669098883	779.55947772007	2795.99237717628	51_17800_2
