Selection	View	Channel	Begin Time (s)	End Time (s)	Low Freq (Hz)	High Freq (Hz)	Annotation
1	Spectrogram 1	1	2810.40390884422	2810.65023612894	729.975062159671	2878.63306977695	55_2810_3
2	Spectrogram 1	1	2812.55621095241	2813.59962171979	581.221815478475	1936.52917412937	55_2810_1
3	Spectrogram 1	1	2813.84982263462	2814.30441245188	663.862508079139	2167.92311341123	55_2810_2
4	Spectrogram 1	1	2930.81980111821	2931.20926757446	630.806231038874	2118.33869785083	55_2930_1
5	Spectrogram 1	1	2932.36551768122	2932.78267667475	548.165538438209	2316.67636009243	55_2930_2
6	Spectrogram 1	1	2948.94218419976	2950.08203757626	415.940430277146	1986.11358968977	55_2945_1
7	Spectrogram 1	1	2952.00032458082	2952.11906807866	713.446923639538	2862.10493125681	55_2950_1
8	Spectrogram 1	1	2952.25275192312	2952.44513729794	680.390646599272	2316.67636009243	55_2950_2
9	Spectrogram 1	1	2953.02600284085	2953.97831020504	515.109261397944	2052.2261437703	55_2950_3
10	Spectrogram 1	1	2954.40643635879	2955.13401604706	663.862508079139	1688.60709632738	55_2950_4
11	Spectrogram 1	1	2966.36143903112	2967.08014420479	564.693676958342	2184.45125193136	55_2965_1
12	Spectrogram 1	1	2967.63021293778	2968.06722001968	614.278092518741	2052.2261437703	55_2965_2
13	Spectrogram 1	1	2968.52765996676	2968.86636916334	630.806231038874	1853.88848152871	55_2965_3
14	Spectrogram 1	1	3065.47441419596	3065.98211842188	614.278092518741	2085.28242081057	55_3065_1
15	Spectrogram 1	1	3066.38895674118	3066.67969476169	663.862508079139	2118.33869785083	55_3065_2
16	Spectrogram 1	1	3067.12038410842	3067.34635638188	746.503200679804	2134.86683637097	55_3065_3
17	Spectrogram 1	1	3067.48099727405	3067.7593325004	746.503200679804	2068.75428229043	55_3065_4
18	Spectrogram 1	1	3068.2602229258	3068.44413706037	812.615754760335	2052.2261437703	55_3065_5
19	Spectrogram 1	1	3068.82317187927	3069.08655969411	696.918785119405	2052.2261437703	55_3065_6
20	Spectrogram 1	1	3069.35466774771	3070.11176871185	630.806231038874	1953.0573126495	55_3065_7
21	Spectrogram 1	1	3080.70867530528	3081.52701138745	564.693676958342	1870.41662004884	55_3080_1
22	Spectrogram 1	1	3082.52679660199	3082.88282345434	581.221815478475	1953.0573126495	55_3080_2
23	Spectrogram 1	1	3083.52887466604	3083.80367655541	581.221815478475	1787.77592744818	55_3080_3
24	Spectrogram 1	1	3090.06361612499	3090.20436594437	713.446923639538	1853.88848152871	55_3090_1
25	Spectrogram 1	1	3090.81427329588	3091.13798648958	548.165538438209	2019.16986673004	55_3090_2
26	Spectrogram 1	1	3091.21161787414	3091.41151365686	581.221815478475	2019.16986673004	55_3090_3
27	Spectrogram 1	1	3092.00199622718	3092.1596479265	845.672031800601	1920.00103560924	55_3090_4
28	Spectrogram 1	1	3092.37552565387	3092.63111614079	680.390646599272	1903.47289708911	55_3090_5
29	Spectrogram 1	1	3092.91540102537	3093.09638001671	564.693676958342	1853.88848152871	55_3090_6
30	Spectrogram 1	1	3093.38239994648	3094.01570090871	548.165538438209	1953.0573126495	55_3090_7
31	Spectrogram 1	1	3094.30080665788	3094.84039761454	630.806231038874	2151.3949748911	55_3090_8
32	Spectrogram 1	1	3226.2424491503	3226.47930793791	729.975062159671	1837.36034300857	55_3225_1
33	Spectrogram 1	1	3226.83538159093	3227.69428564322	581.221815478475	2019.16986673004	55_3225_2
34	Spectrogram 1	1	3230.06343117279	3231.03122752691	581.221815478475	2597.65471493469	55_3230_1
35	Spectrogram 1	1	3231.32539050225	3231.69204455039	746.503200679804	2167.92311341123	55_3230_2
36	Spectrogram 1	1	3232.04426501019	3232.29022834725	663.862508079139	2300.14822157229	55_3230_3
37	Spectrogram 1	1	3395.89132071341	3396.31355280165	647.334369559006	1672.07895780725	55_3395_1
38	Spectrogram 1	1	3401.14052149163	3401.98373663761	581.221815478475	2052.2261437703	55_3400_1
39	Spectrogram 1	1	4216.16304223205	4216.8017930448	564.693676958342	2052.2261437703	55_4215_1
40	Spectrogram 1	1	8907.42261808346	8908.04954113074	680.390646599272	3027.38631645814	55_8905_1
41	Spectrogram 1	1	9169.02765469693	9169.50682876492	829.143893280468	3010.85817793801	55_9165_1
42	Spectrogram 1	1	9169.91522643425	9170.09608506161	746.503200679804	1920.00103560924	55_9165_2
43	Spectrogram 1	1	9261.62648695166	9261.79760589972	746.503200679804	1936.52917412937	55_9260_1
44	Spectrogram 1	1	10506.8696516391	10507.181903699	399.412291757013	2382.78891417296	55_10505_1
45	Spectrogram 1	1	10514.7782281784	10515.1889971041	647.334369559006	1853.88848152871	55_10515_1
46	Spectrogram 1	1	10521.8844817556	10522.0988823288	630.806231038874	1886.94475856897	55_10520_1
47	Spectrogram 1	1	10522.2025503358	10522.3517332569	663.862508079139	1920.00103560924	55_10520_2
48	Spectrogram 1	1	10523.0252770909	10523.1394751725	630.806231038874	1886.94475856897	55_10520_3
49	Spectrogram 1	1	10523.3898605462	10523.490613273	614.278092518741	1837.36034300857	55_10520_4
50	Spectrogram 1	1	10538.645867705	10539.2354157788	267.18718359595	2068.75428229043	55_10535_1
51	Spectrogram 1	1	13490.9687127234	13491.1531421505	0.878132792717534	1.91003999153307	1453.0
52	Spectrogram 1	1	13492.3188063663	13492.544796859	0.817432369257796	2.21354210883176	1454.0
53	Spectrogram 1	1	13493.2511750361	13493.414913816	0.95906669066385	1.66723829769412	1455.0
54	Spectrogram 1	1	13493.6539116178	13493.8594630264	0.999533639637008	2.31470948126465	1456.0
55	Spectrogram 1	1	13494.3123683709	13494.5754226291	0.857899318230954	2.01120736396596	1457.0
56	Spectrogram 1	1	13513.774763456	13514.0169188667	0.878132792717534	2.41587685369755	1458.0
57	Spectrogram 1	1	13520.2166835537	13520.388515686	0.817432369257796	1.5863043997478	1459.0
58	Spectrogram 1	1	13528.3072978595	13528.5236660161	0.73649847131148	2.11237473639886	1460.0
59	Spectrogram 1	1	16063.849416414	16063.9648292366	0.615097624392005	1.40420312936859	1461.0
60	Spectrogram 1	1	16064.9279200423	16065.0592452663	0.574630675418847	1.72793872115386	1462.0
61	Spectrogram 1	1	16680.4713949139	16680.7971732622	663.862508079139	2515.01402233402	55_16680_1
62	Spectrogram 1	1	16740.302739121	16740.5634462969	696.918785119405	2845.57679273668	55_16740_1
63	Spectrogram 1	1	16741.4077918003	16742.1048649526	663.862508079139	2862.10493125681	55_16740_2
64	Spectrogram 1	1	16742.8073811785	16743.1101230961	746.503200679804	2878.63306977695	55_16740_3
65	Spectrogram 1	1	16745.5298899662	16745.8854435291	647.334369559006	2564.59843789442	55_16745_1
66	Spectrogram 1	1	17097.4746712159	17097.8946943556	696.918785119405	2812.52051569641	55_17095_1
67	Spectrogram 1	1	17100.4267127972	17100.917611107	647.334369559006	2200.9793904515	55_17100_1
68	Spectrogram 1	1	17106.4774968777	17106.8051492149	614.278092518741	2333.20449861256	55_17105_1
69	Spectrogram 1	1	17108.7136707933	17109.1511755283	647.334369559006	2597.65471493469	55_17105_2
70	Spectrogram 1	1	17620.8702596837	17621.3131887788	316.771599156349	2167.92311341123	55_17620_1
71	Spectrogram 1	1	17626.5002410395	17626.8206711868	349.827876196615	1853.88848152871	55_17625_1
72	Spectrogram 1	1	17637.1924254345	17637.6340735443	415.940430277146	2019.16986673004	55_17635_1
73	Spectrogram 1	1	17640.1481125288	17640.4975583245	366.356014716747	2019.16986673004	55_17640_1
74	Spectrogram 1	1	17643.4215357286	17643.8184844889	498.58112287781	2415.84519121323	55_17640_2
75	Spectrogram 1	1	17648.3480079509	17648.7320117232	415.940430277146	2515.01402233402	55_17645_1
76	Spectrogram 1	1	17650.6923887095	17651.153857218	482.052984357678	1920.00103560924	55_17650_1
77	Spectrogram 1	1	17656.0222571568	17656.4155556136	647.334369559006	2267.09194453203	55_17655_1
78	Spectrogram 1	1	17657.5094287306	17657.9237348778	333.299737676482	2052.2261437703	55_17655_2
79	Spectrogram 1	1	17659.0265591121	17659.4249103102	729.975062159671	2052.2261437703	55_17655_3
80	Spectrogram 1	1	17661.0026719805	17661.460727394	696.918785119405	2762.93610013602	55_17660_1
81	Spectrogram 1	1	17990.1327044824	17990.2606333267	680.390646599272	1886.94475856897	55_17990_1
82	Spectrogram 1	1	17991.8120462591	17992.3376837362	531.637399918076	2118.33869785083	55_17990_2
83	Spectrogram 1	1	17992.5783956925	17993.1701973286	630.806231038874	2068.75428229043	55_17990_3
84	Spectrogram 1	1	17993.8235168523	17994.621033528	548.165538438209	1953.0573126495	55_17990_4
85	Spectrogram 1	1	17994.9553599219	17995.0906536476	647.334369559006	1655.55081928711	55_17995_1
86	Spectrogram 1	1	17995.3400207495	17995.5897520217	597.749953998608	1853.88848152871	55_17995_2
87	Spectrogram 1	1	17996.0150898133	17996.2673218285	581.221815478475	1969.58545116964	55_17995_3
88	Spectrogram 1	1	18034.752811167	18034.9212831111	597.749953998608	1820.83220448844	55_18035_1
89	Spectrogram 1	1	18035.2446067137	18035.4542209526	663.862508079139	1986.11358968977	55_18035_2
90	Spectrogram 1	1	18035.4941365956	18035.9704138553	647.334369559006	2085.28242081057	55_18035_3
91	Spectrogram 1	1	18125.2183412114	18125.4232126045	630.806231038874	1920.00103560924	55_18125_1
92	Spectrogram 1	1	18125.4575773114	18125.6562932486	647.334369559006	1920.00103560924	55_18125_2
93	Spectrogram 1	1	18128.9551945886	18129.5590755722	663.862508079139	2415.84519121323	55_18125_3
94	Spectrogram 1	1	19065.0800068743	19065.2291897955	581.221815478475	2663.76726901522	55_19065_1
95	Spectrogram 1	1	19065.3749990197	19065.5684491346	597.749953998608	2564.59843789442	55_19065_2
96	Spectrogram 1	1	19067.1129792785	19067.4947095736	564.693676958342	2878.63306977695	55_19065_3
97	Spectrogram 1	1	19069.8626231768	19070.5282213779	531.637399918076	1771.24778892804	55_19065_4
