Selection	View	Channel	Begin Time (s)	End Time (s)	Low Freq (Hz)	High Freq (Hz)	Annotation
1	Spectrogram 1	1	609.73886807061	609.881439954825	779.55947772007	2564.59843789442	58_610_2
2	Spectrogram 1	1	610.274503137612	610.493578966555	779.55947772007	2630.71099197495	58_610_1
3	Spectrogram 1	1	610.829993599557	611.070608725604	812.615754760335	2630.71099197495	58_610_3
4	Spectrogram 1	1	611.349098553527	611.637099352894	928.312724401265	2795.99237717628	58_610_4
5	Spectrogram 1	1	611.845943700148	612.100795813786	763.031339199937	2928.21748533734	58_610_5
6	Spectrogram 1	1	612.475006815623	612.785581271834	878.728308840867	2680.29540753535	58_610_6
7	Spectrogram 1	1	613.500221870993	613.847136765089	878.728308840867	2630.71099197495	58_610_7
8	Spectrogram 1	1	765.469116499813	765.854057756476	250.659045075817	3060.44259349841	58_765_1
9	Spectrogram 1	1	767.020595328576	767.09900525606	696.918785119405	2944.74562385748	58_765_2
10	Spectrogram 1	1	780.745339893693	781.166069976315	696.918785119405	3110.02700905881	58_780_1
11	Spectrogram 1	1	781.557324787074	781.629560680457	812.615754760335	2795.99237717628	58_780_2
12	Spectrogram 1	1	784.586550029133	784.806267319847	663.862508079139	2829.04865421655	58_780_3
13	Spectrogram 1	1	852.061356801788	852.484857163699	531.637399918076	2068.75428229043	58_850_1
14	Spectrogram 1	1	853.048044043236	853.27285455173	713.446923639538	2068.75428229043	58_850_2
15	Spectrogram 1	1	853.508512388955	853.586623270309	663.862508079139	3010.85817793801	58_850_3
16	Spectrogram 1	1	854.2200239609	854.293223169792	415.940430277146	2581.12657641455	58_850_4
17	Spectrogram 1	1	1228.71023144022	1229.17957769649	300.243460636216	2878.63306977695	58_1225_1
18	Spectrogram 1	1	1370.16906887431	1370.80229459933	366.356014716747	1853.88848152871	58_1370_1
19	Spectrogram 1	1	1382.05094423754	1382.50356874258	581.221815478475	2101.8105593307	58_1380_1
20	Spectrogram 1	1	2119.65961235485	2119.96714613475	647.334369559006	2564.59843789442	58_2115_1
21	Spectrogram 1	1	2125.58086572687	2126.07848091946	630.806231038874	2663.76726901522	58_2125_1
22	Spectrogram 1	1	2127.15539471038	2127.49922085079	746.503200679804	2746.40796161588	58_2125_2
23	Spectrogram 1	1	2128.51117761011	2128.93633539452	713.446923639538	2647.23913049509	58_2125_3
24	Spectrogram 1	1	2129.5501586035	2129.98587769307	763.031339199937	2795.99237717628	58_2125_4
25	Spectrogram 1	1	2136.50132909817	2136.97905864905	713.446923639538	2713.35168457562	58_2135_1
26	Spectrogram 1	1	2144.70284935607	2144.94119680829	283.715322116083	2184.45125193136	58_2145_1
27	Spectrogram 1	1	2145.31247108928	2145.39145019123	564.693676958342	2349.73263713269	58_2145_2
28	Spectrogram 1	1	2145.60401804058	2145.9827811191	300.243460636216	2250.5638060119	58_2145_3
29	Spectrogram 1	1	2147.06888007292	2147.53441180923	300.243460636216	2035.69800525017	58_2145_4
30	Spectrogram 1	1	2157.31872395914	2157.80422136973	696.918785119405	2614.18285345482	58_2155_1
31	Spectrogram 1	1	2158.32773557702	2158.62978917466	597.749953998608	2349.73263713269	58_2155_2
32	Spectrogram 1	1	3555.64758267386	3555.72945172234	663.862508079139	2085.28242081057	58_3555_1
33	Spectrogram 1	1	3555.73294185774	3555.80588943671	696.918785119405	1853.88848152871	58_3555_2
34	Spectrogram 1	1	3556.08238535161	3556.27583546645	696.918785119405	2630.71099197495	58_3555_3
35	Spectrogram 1	1	3556.8238187468	3557.03602905841	696.918785119405	2795.99237717628	58_3555_4
36	Spectrogram 1	1	5433.83688620067	5434.14543923525	300.243460636216	1787.77592744818	58_5430_1
37	Spectrogram 1	1	5434.33313268534	5434.40467728252	283.715322116083	1721.66337336764	58_5430_2
38	Spectrogram 1	1	6120.45060384354	6120.80767956393	382.88415323688	2134.86683637097	58_6120_1
39	Spectrogram 1	1	6140.14333970833	6140.43279179339	581.221815478475	1920.00103560924	58_6140_1
40	Spectrogram 1	1	6141.31526208106	6141.73110607279	415.940430277146	2498.48588381389	58_6140_2
41	Spectrogram 1	1	6149.58192746464	6150.08105194562	415.940430277146	2250.5638060119	58_6145_1
42	Spectrogram 1	1	6150.60996268905	6151.02094574049	234.130906555684	2498.48588381389	58_6150_1
43	Spectrogram 1	1	6152.90766307178	6153.40539736214	564.693676958342	2696.82354605548	58_6150_2
44	Spectrogram 1	1	6194.20219686794	6194.34928361452	663.862508079139	2614.18285345482	58_6190_1
45	Spectrogram 1	1	6209.09331082634	6209.44643343832	399.412291757013	2366.26077565283	58_6205_1
46	Spectrogram 1	1	6285.36791189452	6285.75600261616	515.109261397944	2944.74562385748	58_6285_1
47	Spectrogram 1	1	6288.72037424497	6289.21824306061	663.862508079139	2795.99237717628	58_6285_2
48	Spectrogram 1	1	6289.58751497253	6290.00207659785	531.637399918076	1886.94475856897	58_6285_3
49	Spectrogram 1	1	8352.42705866723	8352.75917763538	614.278092518741	2812.52051569641	58_8350_1
50	Spectrogram 1	1	8369.80042481565	8370.19444960861	663.862508079139	2548.07029937429	58_8370_1
51	Spectrogram 1	1	8372.65088385851	8372.94269663784	548.165538438209	2647.23913049509	58_8370_2
52	Spectrogram 1	1	8373.81254544316	8373.95901599019	465.524845837545	2134.86683637097	58_8370_3
53	Spectrogram 1	1	8374.93108964122	8375.14379902519	581.221815478475	2696.82354605548	58_8370_4
54	Spectrogram 1	1	8698.77156808481	8699.17236113973	349.827876196615	2548.07029937429	58_8695_1
55	Spectrogram 1	1	8699.89208723145	8700.20206688472	316.771599156349	2597.65471493469	58_8700_1
56	Spectrogram 1	1	8701.47642932865	8701.82891899159	746.503200679804	2663.76726901522	58_8700_2
57	Spectrogram 1	1	8703.53795372519	8703.81311930733	729.975062159671	2614.18285345482	58_8700_3
58	Spectrogram 1	1	8707.74040075665	8708.28620624422	366.356014716747	2729.87982309575	58_8705_1
59	Spectrogram 1	1	8708.76297491014	8709.15780831227	382.88415323688	2432.37332973336	58_8705_2
60	Spectrogram 1	1	8709.45363651814	8709.89293175026	349.827876196615	2630.71099197495	58_8705_3
61	Spectrogram 1	1	8710.20251370397	8710.45591769565	333.299737676482	2481.95774529376	58_8710_1
62	Spectrogram 1	1	8711.54745633303	8711.93515538008	283.715322116083	2382.78891417296	58_8710_2
63	Spectrogram 1	1	13140.2021995269	13140.5550765793	515.109261397944	3110.02700905881	58_13140_1
64	Spectrogram 1	1	13141.0869883895	13141.4589961364	531.637399918076	3440.58977946146	58_13140_2
65	Spectrogram 1	1	13141.9567132122	13142.3842528547	548.165538438209	3539.75861058226	58_13140_3
66	Spectrogram 1	1	14143.1661642044	14143.2468662282	630.806231038874	2167.92311341123	58_14140_1
67	Spectrogram 1	1	14171.7849146994	14172.0448782919	515.109261397944	2647.23913049509	58_14170_1
68	Spectrogram 1	1	14185.7826626928	14185.8872919288	680.390646599272	2630.71099197495	58_14185_1
69	Spectrogram 1	1	14186.8838970863	14187.0914076658	680.390646599272	2481.95774529376	58_14185_2
70	Spectrogram 1	1	14187.5547844717	14187.8162481051	796.087616240203	2878.63306977695	58_14185_3
71	Spectrogram 1	1	14188.0748732885	14188.1978657322	763.031339199937	2762.93610013602	58_14185_4
72	Spectrogram 1	1	14188.6202997803	14188.8941405199	713.446923639538	2614.18285345482	58_14185_5
73	Spectrogram 1	1	16434.2135308301	16434.6213223163	597.749953998608	2399.31705269309	58_16430_1
74	Spectrogram 1	1	17531.8338017177	17532.0479795491	531.637399918076	2002.6417282099	58_17530_1
75	Spectrogram 1	1	17532.2678307916	17532.4878451233	515.109261397944	2002.6417282099	58_17530_2
76	Spectrogram 1	1	17533.7934560148	17534.2298536227	515.109261397944	2068.75428229043	58_17530_3
77	Spectrogram 1	1	17534.8063760603	17534.9000858393	630.806231038874	1953.0573126495	58_17530_4
78	Spectrogram 1	1	18891.1420029638	18891.4346341537	531.637399918076	2002.6417282099	58_18890_1
79	Spectrogram 1	1	18894.1919198427	18894.6588468585	548.165538438209	1953.0573126495	58_18890_2
80	Spectrogram 1	1	19137.811134866	19137.9218727604	581.221815478475	1639.02268076698	58_19135_1
81	Spectrogram 1	1	19138.2454652176	19138.506926439	316.771599156349	2382.78891417296	58_19135_2
82	Spectrogram 1	1	19140.3268482579	19140.6208698241	399.412291757013	2399.31705269309	58_19140_1
83	Spectrogram 1	1	19145.2646297189	19145.6932031755	448.996707317412	2283.62008305216	58_19145_1
84	Spectrogram 1	1	19148.1081661606	19148.550199453	432.468568797279	1953.0573126495	58_19145_2
85	Spectrogram 1	1	19152.6325738759	19153.0927324234	680.390646599272	1953.0573126495	58_19150_1
86	Spectrogram 1	1	19154.9672160971	19155.1751238173	548.165538438209	1870.41662004884	58_19155_1
87	Spectrogram 1	1	19156.3788949216	19156.8601936298	630.806231038874	1837.36034300857	58_19155_2
88	Spectrogram 1	1	19170.8807374342	19170.9344415045	548.165538438209	1705.13523484751	58_19170_1
89	Spectrogram 1	1	19171.2018322897	19171.2955420687	630.806231038874	1771.24778892804	58_19170_2
90	Spectrogram 1	1	19172.7894016875	19173.0934000238	597.749953998608	1820.83220448844	58_19170_3
91	Spectrogram 1	1	19173.277046046	19173.5670035063	614.278092518741	2316.67636009243	58_19170_4
92	Spectrogram 1	1	20109.9349137071	20110.4527666043	796.087616240203	2614.18285345482	58_20110_1
93	Spectrogram 1	1	20110.6998333352	20111.0678598724	812.615754760335	2564.59843789442	58_20110_2
94	Spectrogram 1	1	20111.4665827013	20111.8178758984	779.55947772007	2597.65471493469	58_20110_3
95	Spectrogram 1	1	20112.3682353016	20112.7433603893	713.446923639538	2548.07029937429	58_20110_4
96	Spectrogram 1	1	20121.0977860531	20121.4822643067	812.615754760335	2448.90146825349	58_20120_1
97	Spectrogram 1	1	20121.8894934655	20122.2509431581	895.256447361	2515.01402233402	58_20120_2
98	Spectrogram 1	1	20125.63189079	20126.0240916415	845.672031800601	2465.42960677362	58_20125_1
99	Spectrogram 1	1	20126.5843250629	20126.9261811594	796.087616240203	2349.73263713269	58_20125_2
100	Spectrogram 1	1	20133.7761389854	20134.1449689561	763.031339199937	2366.26077565283	58_20130_1
101	Spectrogram 1	1	20134.7310420642	20135.1410006937	878.728308840867	2432.37332973336	58_20130_2
102	Spectrogram 1	1	20135.8711641687	20136.2807876466	829.143893280468	2448.90146825349	58_20135_1
