Selection	View	Channel	Begin Time (s)	End Time (s)	Low Freq (Hz)	High Freq (Hz)	Annotation
1	Spectrogram 1	1	3052.03593380057	3052.4585041878	283.715322116083	2647.23913049509	5_3050_1
2	Spectrogram 1	1	3055.5529860946	3055.98084728033	234.130906555684	2630.71099197495	5_3055_1
3	Spectrogram 1	1	3056.78610350907	3057.30042290591	300.243460636216	2415.84519121323	5_3055_2
4	Spectrogram 1	1	3086.53355798868	3086.8984720422	201.074629515419	2548.07029937429	5_3085_1
5	Spectrogram 1	1	3089.16295857509	3089.54587417935	151.49021395502	2630.71099197495	5_3085_2
6	Spectrogram 1	1	3090.23302044048	3090.568474252	250.659045075817	2366.26077565283	5_3090_1
7	Spectrogram 1	1	3091.53021619732	3091.97357111989	201.074629515419	2382.78891417296	5_3090_2
8	Spectrogram 1	1	3092.52958716245	3092.95864518475	118.433936914754	2762.93610013602	5_3090_3
9	Spectrogram 1	1	3094.13401121677	3094.47274476554	101.905798394621	1903.47289708911	5_3090_4
10	Spectrogram 1	1	3096.39416807489	3096.75019342938	300.243460636216	2597.65471493469	5_3095_1
11	Spectrogram 1	1	3097.81584860801	3098.21241081779	250.659045075817	2696.82354605548	5_3095_2
12	Spectrogram 1	1	3104.327300694	3104.69407611031	316.771599156349	2300.14822157229	5_3100_1
13	Spectrogram 1	1	3105.34669250888	3105.80902743582	366.356014716747	1936.52917412937	5_3105_1
14	Spectrogram 1	1	3107.70589805048	3108.0775157163	217.602768035552	2465.42960677362	5_3105_2
15	Spectrogram 1	1	3108.54941801776	3108.91553171434	531.637399918076	2597.65471493469	5_3105_3
16	Spectrogram 1	1	3109.49282416831	3109.79400158945	663.862508079139	2531.54216085416	5_3105_4
17	Spectrogram 1	1	3110.39779089754	3110.68808559241	382.88415323688	2316.67636009243	5_3110_1
18	Spectrogram 1	1	3113.21704890565	3113.63435829519	250.659045075817	2101.8105593307	5_3110_2
19	Spectrogram 1	1	3120.69684309531	3121.08904326182	300.243460636216	1953.0573126495	5_3120_1
20	Spectrogram 1	1	3121.79129808835	3122.19567694633	316.771599156349	2019.16986673004	5_3120_2
21	Spectrogram 1	1	3122.58025752428	3122.91784331827	531.637399918076	2035.69800525017	5_3120_3
22	Spectrogram 1	1	3125.58002527713	3125.98323801617	614.278092518741	2035.69800525017	5_3125_1
23	Spectrogram 1	1	4052.28679961112	4052.67912545755	366.356014716747	2349.73263713269	5_4050_1
24	Spectrogram 1	1	4130.36376448557	4130.7342074113	349.827876196615	3159.6114246192	5_4130_1
25	Spectrogram 1	1	4132.25490423247	4132.87047123451	316.771599156349	2663.76726901522	5_4130_2
26	Spectrogram 1	1	4133.27855391771	4133.68059514008	366.356014716747	2663.76726901522	5_4130_3
27	Spectrogram 1	1	4134.73522158893	4135.22697380315	333.299737676482	2597.65471493469	5_4130_4
28	Spectrogram 1	1	4135.56668461001	4135.84520849237	415.940430277146	2465.42960677362	5_4135_2
29	Spectrogram 1	1	4139.57397789816	4139.98767333467	300.243460636216	2581.12657641455	5_4135_1
30	Spectrogram 1	1	4140.58966463235	4140.91298798257	316.771599156349	3291.83653278027	5_4140_1
31	Spectrogram 1	1	4143.76191149244	4144.20120992808	250.659045075817	2795.99237717628	5_4140_2
32	Spectrogram 1	1	4149.50703672574	4149.93733831475	250.659045075817	2167.92311341123	5_4145_1
33	Spectrogram 1	1	4152.70761204104	4153.1431576984	333.299737676482	2382.78891417296	5_4150_1
34	Spectrogram 1	1	4153.61360837158	4153.9499666092	316.771599156349	2515.01402233402	5_4150_2
35	Spectrogram 1	1	4155.44759170668	4155.74299712383	548.165538438209	2713.35168457562	5_4155_1
36	Spectrogram 1	1	4158.13222082271	4158.59630925341	366.356014716747	2696.82354605548	5_4155_2
37	Spectrogram 1	1	4161.51295046972	4161.88573046438	316.771599156349	2564.59843789442	5_4160_1
38	Spectrogram 1	1	4163.45750941293	4163.88926669213	250.659045075817	2779.46423865615	5_4160_2
39	Spectrogram 1	1	5270.18226629883	5270.3684502519	564.693676958342	2267.09194453203	5_5270_1
40	Spectrogram 1	1	5270.64511822998	5270.86060094535	581.221815478475	2465.42960677362	5_5270_2
41	Spectrogram 1	1	5271.13942905617	5271.38911998158	597.749953998608	2333.20449861256	5_5270_3
42	Spectrogram 1	1	5271.85242506413	5272.07384166127	581.221815478475	2481.95774529376	5_5270_4
43	Spectrogram 1	1	5272.49402644907	5272.77995654826	597.749953998608	2366.26077565283	5_5270_5
44	Spectrogram 1	1	5273.56761115304	5273.81424571533	729.975062159671	2415.84519121323	5_5270_6
45	Spectrogram 1	1	5274.18598937081	5274.35920599692	696.918785119405	2448.90146825349	5_5270_7
46	Spectrogram 1	1	5274.80981167544	5275.10777140726	746.503200679804	2448.90146825349	5_5270_8
47	Spectrogram 1	1	5275.42687301312	5275.66966082379	647.334369559006	2515.01402233402	5_5275_1
48	Spectrogram 1	1	5276.11062416719	5276.3303414579	713.446923639538	2399.31705269309	5_5275_2
49	Spectrogram 1	1	5276.83325504785	5277.07694299473	614.278092518741	2481.95774529376	5_5275_3
50	Spectrogram 1	1	5277.54111519084	5277.83476835744	796.087616240203	2779.46423865615	5_5275_4
51	Spectrogram 1	1	5278.2329301723	5278.45915116138	647.334369559006	2548.07029937429	5_5275_5
52	Spectrogram 1	1	5278.90284437574	5279.18834467723	647.334369559006	2564.59843789442	5_5275_6
53	Spectrogram 1	1	5279.69247514062	5279.93239275944	614.278092518741	2515.01402233402	5_5275_7
54	Spectrogram 1	1	5280.37369994873	5280.61884469722	630.806231038874	2663.76726901522	5_5280_1
55	Spectrogram 1	1	5281.045304308	5281.32089742362	647.334369559006	2812.52051569641	5_5280_2
56	Spectrogram 1	1	5286.25314340493	5286.53943653309	663.862508079139	2630.71099197495	5_5285_1
57	Spectrogram 1	1	5286.99236320705	5287.24059263126	680.390646599272	2581.12657641455	5_5285_2
58	Spectrogram 1	1	5287.6853738823	5287.94390094246	713.446923639538	2663.76726901522	5_5285_3
59	Spectrogram 1	1	5435.10482832746	5435.35211653707	415.940430277146	2316.67636009243	5_5435_1
60	Spectrogram 1	1	5437.49316580872	5437.80220992166	482.052984357678	2333.20449861256	5_5435_2
61	Spectrogram 1	1	5473.19976670152	5473.49407396711	548.165538438209	2399.31705269309	5_5470_1
62	Spectrogram 1	1	5473.7523378786	5474.03442022401	597.749953998608	2531.54216085416	5_5470_2
63	Spectrogram 1	1	5474.27427539053	5474.50951575656	680.390646599272	2481.95774529376	5_5470_3
64	Spectrogram 1	1	5828.38565535888	5828.54972047749	680.390646599272	2448.90146825349	5_5825_1
65	Spectrogram 1	1	5828.93061350254	5829.12213628116	696.918785119405	2415.84519121323	5_5825_2
66	Spectrogram 1	1	5829.56914968788	5829.74423730442	531.637399918076	2333.20449861256	5_5825_3
67	Spectrogram 1	1	5830.58537468969	5830.80568827322	482.052984357678	2333.20449861256	5_5830_1
68	Spectrogram 1	1	5831.17915162267	5831.36621329735	564.693676958342	2151.3949748911	5_5830_2
69	Spectrogram 1	1	5835.6498169843	5835.81018536367	713.446923639538	2283.62008305216	5_5835_1
70	Spectrogram 1	1	5836.14997892415	5836.36832193658	878.728308840867	2465.42960677362	5_5835_2
71	Spectrogram 1	1	5836.6449544247	5836.93748810073	796.087616240203	2465.42960677362	5_5835_3
72	Spectrogram 1	1	5838.50869260038	5838.73856440688	680.390646599272	2333.20449861256	5_5835_4
73	Spectrogram 1	1	5840.95284794943	5841.18759925786	349.827876196615	2399.31705269309	5_5840_1
74	Spectrogram 1	1	7874.84218848455	7875.00706886722	465.524845837545	2300.14822157229	5_7875_1
75	Spectrogram 1	1	7875.53781557869	7875.74555282272	498.58112287781	2448.90146825349	5_7875_2
76	Spectrogram 1	1	7876.32510319395	7876.64295401568	515.109261397944	2515.01402233402	5_7875_3
77	Spectrogram 1	1	7877.01342190957	7877.22550130704	465.524845837545	2448.90146825349	5_7875_4
78	Spectrogram 1	1	8120.43962543078	8120.65077957753	531.637399918076	2647.23913049509	5_8120_1
79	Spectrogram 1	1	8121.40475418977	8121.64737223853	498.58112287781	2614.18285345482	5_8120_2
80	Spectrogram 1	1	11879.7730756568	11879.8805872513	333.299737676482	2746.40796161588	5_11880_1
81	Spectrogram 1	1	11880.7637484137	11881.0775741888	366.356014716747	2795.99237717628	5_11880_2
82	Spectrogram 1	1	11881.6352577418	11882.1544510899	366.356014716747	2382.78891417296	5_11880_3
83	Spectrogram 1	1	12565.1206325069	12565.4589223218	0.554397200932268	1.80887261910017	1814.0
84	Spectrogram 1	1	12594.2696604915	12594.6651088384	0.655564573365163	1.99097388947939	1815.0
