Selection	View	Channel	Begin Time (s)	End Time (s)	Low Freq (Hz)	High Freq (Hz)	Annotation
1	Spectrogram 1	1	18810.5045044186	18810.7901660547	713.446923639538	2614.18285345482	60_18810_1
2	Spectrogram 1	1	18811.0493619705	18811.3038018035	713.446923639538	2663.76726901522	60_18810_2
3	Spectrogram 1	1	18815.084760002	18815.2580561253	630.806231038874	1886.94475856897	60_18815_1
4	Spectrogram 1	1	18815.764891802	18816.0175457157	581.221815478475	2349.73263713269	60_18815_2
5	Spectrogram 1	1	19482.0562717397	19482.2847316197	647.334369559006	2415.84519121323	60_19480_1
6	Spectrogram 1	1	19482.5743846961	19482.8484239785	796.087616240203	2515.01402233402	60_19480_2
7	Spectrogram 1	1	19483.2006322545	19483.4407617383	713.446923639538	2548.07029937429	60_19480_3
8	Spectrogram 1	1	19483.8296424882	19484.0646469495	696.918785119405	2515.01402233402	60_19480_4
9	Spectrogram 1	1	19484.3774298463	19484.6322821909	763.031339199937	2498.48588381389	60_19480_5
10	Spectrogram 1	1	19484.8696898252	19485.1791410598	779.55947772007	2713.35168457562	60_19485_1
11	Spectrogram 1	1	19485.4947759488	19485.7552352011	729.975062159671	2515.01402233402	60_19485_2
12	Spectrogram 1	1	19485.9917601425	19486.3677306006	746.503200679804	2614.18285345482	60_19485_3
13	Spectrogram 1	1	19486.5910248363	19486.9384619187	796.087616240203	2531.54216085416	60_19485_4
14	Spectrogram 1	1	19487.1725777818	19487.664345438	746.503200679804	2696.82354605548	60_19485_5
15	Spectrogram 1	1	19487.8073194121	19488.1692438974	746.503200679804	2862.10493125681	60_19485_6
16	Spectrogram 1	1	19488.4615107184	19488.9222719778	812.615754760335	2762.93610013602	60_19485_7
17	Spectrogram 1	1	19489.080583362	19489.4045864092	680.390646599272	2713.35168457562	60_19485_8
18	Spectrogram 1	1	19489.6848254488	19489.964192968	746.503200679804	2779.46423865615	60_19485_9
19	Spectrogram 1	1	19490.2174155483	19490.5095698752	713.446923639538	2647.23913049509	60_19490_1
20	Spectrogram 1	1	19490.7741116969	19490.9627585579	829.143893280468	2515.01402233402	60_19490_2
21	Spectrogram 1	1	19491.3158967788	19491.7685659066	928.312724401265	2614.18285345482	60_19490_3
22	Spectrogram 1	1	19491.9361878466	19492.2419835538	763.031339199937	2531.54216085416	60_19490_4
23	Spectrogram 1	1	19492.4247399432	19492.682223072	729.975062159671	2762.93610013602	60_19490_5
24	Spectrogram 1	1	19492.9837026109	19493.1908842508	729.975062159671	2597.65471493469	60_19490_6
25	Spectrogram 1	1	19493.7060134376	19493.8407407543	729.975062159671	2614.18285345482	60_19490_7
26	Spectrogram 1	1	19494.3492522468	19494.6215811715	630.806231038874	2399.31705269309	60_19490_8
27	Spectrogram 1	1	19495.0938067233	19495.3330794838	729.975062159671	2581.12657641455	60_19495_1
28	Spectrogram 1	1	19495.9829883439	19496.1711243438	796.087616240203	2531.54216085416	60_19495_2
29	Spectrogram 1	1	19497.4088710957	19497.6353263944	746.503200679804	2531.54216085416	60_19495_3
30	Spectrogram 1	1	19498.1278345305	19498.3928026585	680.390646599272	2415.84519121323	60_19495_4
31	Spectrogram 1	1	19498.7957399418	19499.1176077517	647.334369559006	2267.09194453203	60_19495_5
32	Spectrogram 1	1	19499.7189401758	19500.0623306463	647.334369559006	2250.5638060119	60_19495_6
33	Spectrogram 1	1	19500.3637206104	19500.6462633622	812.615754760335	2333.20449861256	60_19500_1
34	Spectrogram 1	1	19501.6303161655	19501.7882371927	746.503200679804	1920.00103560924	60_19500_2
35	Spectrogram 1	1	19502.0925413639	19502.3177633587	729.975062159671	2234.03566749176	60_19500_3
36	Spectrogram 1	1	19502.7998050905	19503.0085622638	779.55947772007	2448.90146825349	60_19500_4
37	Spectrogram 1	1	19503.4238247389	19503.6485813553	729.975062159671	2333.20449861256	60_19500_5
38	Spectrogram 1	1	19504.0635048283	19504.2083366146	746.503200679804	2316.67636009243	60_19500_6
39	Spectrogram 1	1	19504.8877546864	19505.0971524996	647.334369559006	2250.5638060119	60_19500_7
40	Spectrogram 1	1	19506.7659063434	19506.9177600067	763.031339199937	2234.03566749176	60_19505_1
41	Spectrogram 1	1	19507.3069907385	19507.4792304481	663.862508079139	2316.67636009243	60_19505_2
42	Spectrogram 1	1	19508.1678804213	19508.50257479	581.221815478475	1986.11358968977	60_19505_3
43	Spectrogram 1	1	19509.1367263621	19509.4128945617	630.806231038874	2151.3949748911	60_19505_4
44	Spectrogram 1	1	19509.7531357204	19509.9707566012	713.446923639538	2366.26077565283	60_19505_5
45	Spectrogram 1	1	19510.4537740788	19510.7390826456	796.087616240203	2432.37332973336	60_19510_1
46	Spectrogram 1	1	19511.0471640165	19511.3297340929	680.390646599272	2581.12657641455	60_19510_2
47	Spectrogram 1	1	19511.7275251539	19511.9861817507	581.221815478475	2614.18285345482	60_19510_3
48	Spectrogram 1	1	19512.4003337342	19512.7472401407	663.862508079139	2713.35168457562	60_19510_4
49	Spectrogram 1	1	19513.0486915506	19513.4080469714	680.390646599272	2515.01402233402	60_19510_5
50	Spectrogram 1	1	19513.7217699955	19514.1098607171	729.975062159671	2729.87982309575	60_19510_6
51	Spectrogram 1	1	19514.3938576858	19514.7599028225	729.975062159671	2515.01402233402	60_19510_7
52	Spectrogram 1	1	19515.7417090574	19515.9349157204	680.390646599272	2531.54216085416	60_19515_1
53	Spectrogram 1	1	19516.340595666	19516.5725774818	796.087616240203	2481.95774529376	60_19515_2
54	Spectrogram 1	1	19516.8245208498	19517.1587179482	812.615754760335	2548.07029937429	60_19515_3
55	Spectrogram 1	1	19517.4991356079	19517.7488265333	812.615754760335	2614.18285345482	60_19515_4
56	Spectrogram 1	1	19520.8333577625	19521.2264195562	663.862508079139	2795.99237717628	60_19520_1
57	Spectrogram 1	1	19521.4221659138	19521.7655413652	680.390646599272	2713.35168457562	60_19520_2
58	Spectrogram 1	1	19521.9906939101	19522.2485971711	680.390646599272	2548.07029937429	60_19520_3
59	Spectrogram 1	1	19522.5801925026	19522.90808778	680.390646599272	2845.57679273668	60_19520_4
60	Spectrogram 1	1	19523.2090757027	19523.47987005	581.221815478475	2614.18285345482	60_19520_5
61	Spectrogram 1	1	19524.0958185031	19524.3935603991	729.975062159671	2498.48588381389	60_19520_6
62	Spectrogram 1	1	19524.7754877344	19525.0956219034	647.334369559006	2795.99237717628	60_19520_7
63	Spectrogram 1	1	19525.3900471918	19525.6768832581	680.390646599272	2762.93610013602	60_19525_1
64	Spectrogram 1	1	19526.0686847389	19526.3989269286	696.918785119405	2581.12657641455	60_19525_2
65	Spectrogram 1	1	19526.7296662549	19526.9067082463	680.390646599272	2531.54216085416	60_19525_3
66	Spectrogram 1	1	19527.4693192963	19527.6447282469	630.806231038874	2630.71099197495	60_19525_4
67	Spectrogram 1	1	19528.0464559132	19528.3280876103	647.334369559006	2614.18285345482	60_19525_5
68	Spectrogram 1	1	19528.6850225082	19528.9488171682	680.390646599272	2432.37332973336	60_19525_6
69	Spectrogram 1	1	19529.9954793337	19530.2298091714	465.524845837545	2052.2261437703	60_19530_1
70	Spectrogram 1	1	19530.7177729957	19530.9884827601	415.940430277146	2415.84519121323	60_19530_2
71	Spectrogram 1	1	19533.944145514	19534.1642974126	663.862508079139	2647.23913049509	60_19530_3
72	Spectrogram 1	1	19534.4862865574	19534.7299049687	415.940430277146	2548.07029937429	60_19530_4
73	Spectrogram 1	1	19535.1526743187	19535.400568998	614.278092518741	2382.78891417296	60_19535_1
74	Spectrogram 1	1	19536.5015003729	19536.6825928241	581.221815478475	2746.40796161588	60_19535_2
75	Spectrogram 1	1	19536.9496294269	19537.2128552163	432.468568797279	1953.0573126495	60_19535_3
76	Spectrogram 1	1	19537.5385508088	19537.8083678938	564.693676958342	2614.18285345482	60_19535_4
77	Spectrogram 1	1	19538.641048533	19538.8873259555	548.165538438209	2498.48588381389	60_19535_5
78	Spectrogram 1	1	19539.7672308093	19540.0763495618	696.918785119405	2548.07029937429	60_19535_6
79	Spectrogram 1	1	19541.0962487732	19541.4111387339	878.728308840867	2564.59843789442	60_19540_1
80	Spectrogram 1	1	19541.5959338211	19541.9407803487	663.862508079139	2762.93610013602	60_19540_2
81	Spectrogram 1	1	19542.1417929082	19542.5514016328	829.143893280468	2581.12657641455	60_19540_3
82	Spectrogram 1	1	19542.7571486215	19543.1293478873	961.369001441531	2862.10493125681	60_19540_4
83	Spectrogram 1	1	19543.3555906474	19543.6596344443	663.862508079139	2614.18285345482	60_19540_5
84	Spectrogram 1	1	19544.0407174616	19544.345457672	713.446923639538	2647.23913049509	60_19540_6
85	Spectrogram 1	1	19544.6641758558	19544.8980948814	729.975062159671	2795.99237717628	60_19540_7
86	Spectrogram 1	1	19545.361883323	19545.6674546597	647.334369559006	2399.31705269309	60_19545_1
87	Spectrogram 1	1	19546.1867231563	19546.495090209	812.615754760335	2283.62008305216	60_19545_2
88	Spectrogram 1	1	19546.9746411179	19547.1806155246	895.256447361	2515.01402233402	60_19545_3
89	Spectrogram 1	1	19547.4714227793	19547.8070004993	663.862508079139	2647.23913049509	60_19545_4
90	Spectrogram 1	1	19550.1086469509	19550.275606155	862.200170320734	2647.23913049509	60_19550_1
91	Spectrogram 1	1	19550.7346037937	19550.9979608025	630.806231038874	2382.78891417296	60_19550_2
92	Spectrogram 1	1	19552.8010727287	19553.0089628791	763.031339199937	2481.95774529376	60_19550_3
93	Spectrogram 1	1	19553.362153895	19553.6228560985	796.087616240203	2366.26077565283	60_19550_4
94	Spectrogram 1	1	19553.7934303138	19554.0043335929	746.503200679804	2581.12657641455	60_19550_5
95	Spectrogram 1	1	19554.3263688691	19554.6368143944	763.031339199937	2729.87982309575	60_19550_6
96	Spectrogram 1	1	19554.9065167165	19555.1047700279	779.55947772007	2729.87982309575	60_19555_1
97	Spectrogram 1	1	19555.6838124293	19555.9785158541	746.503200679804	2316.67636009243	60_19555_2
98	Spectrogram 1	1	19556.3338445103	19556.5557384305	680.390646599272	2729.87982309575	60_19555_3
99	Spectrogram 1	1	19557.3452988044	19557.7151281465	829.143893280468	2382.78891417296	60_19555_4
100	Spectrogram 1	1	19558.8123210268	19559.0779442592	763.031339199937	2316.67636009243	60_19555_5
101	Spectrogram 1	1	19559.447181231	19559.7885108191	829.143893280468	3076.97073201854	60_19555_6
102	Spectrogram 1	1	19560.1099376469	19560.3409848107	812.615754760335	2448.90146825349	60_19560_1
103	Spectrogram 1	1	19560.696094525	19560.9839733518	895.256447361	2713.35168457562	60_19560_2
104	Spectrogram 1	1	19562.6928069421	19562.890608389	680.390646599272	2614.18285345482	60_19560_3
105	Spectrogram 1	1	19563.9848500256	19564.2268130362	630.806231038874	2085.28242081057	60_19560_4
106	Spectrogram 1	1	19565.5080101182	19565.6533403815	713.446923639538	2019.16986673004	60_19565_1
107	Spectrogram 1	1	19565.8819706366	19566.2031250559	548.165538438209	2465.42960677362	60_19565_2
108	Spectrogram 1	1	19566.4158915745	19566.6411271145	564.693676958342	2878.63306977695	60_19565_3
109	Spectrogram 1	1	19567.5027721287	19567.7569367551	498.58112287781	2614.18285345482	60_19565_4
110	Spectrogram 1	1	19569.0506289874	19569.3032584882	713.446923639538	2283.62008305216	60_19565_5
111	Spectrogram 1	1	19571.2230667384	19571.3426446103	663.862508079139	2118.33869785083	60_19570_1
112	Spectrogram 1	1	19571.5220660078	19571.8692491912	729.975062159671	2564.59843789442	60_19570_2
113	Spectrogram 1	1	19572.0584825095	19572.4730295286	614.278092518741	2498.48588381389	60_19570_3
114	Spectrogram 1	1	19572.6465336795	19572.9151017053	663.862508079139	2415.84519121323	60_19570_4
115	Spectrogram 1	1	19573.2044790393	19573.3984734479	548.165538438209	2779.46423865615	60_19570_5
116	Spectrogram 1	1	19573.8504071433	19574.0071627922	647.334369559006	2399.31705269309	60_19570_6
117	Spectrogram 1	1	19574.2943744849	19574.3669030378	663.862508079139	2564.59843789442	60_19570_7
118	Spectrogram 1	1	19574.7967275646	19575.0987963298	630.806231038874	2481.95774529376	60_19570_8
119	Spectrogram 1	1	19575.6196775333	19575.7435480891	663.862508079139	1870.41662004884	60_19575_1
120	Spectrogram 1	1	19631.9865549548	19632.1894628905	614.278092518741	2515.01402233402	60_19630_1
121	Spectrogram 1	1	19632.5206208449	19632.7534752014	597.749953998608	2795.99237717628	60_19630_2
122	Spectrogram 1	1	19654.1350458293	19654.3170244737	168.018352475153	2597.65471493469	60_19650_1
123	Spectrogram 1	1	20089.189712425	20089.5117329813	696.918785119405	2746.40796161588	60_20085_1
124	Spectrogram 1	1	20089.6950410077	20089.9822784807	630.806231038874	2713.35168457562	60_20085_2
125	Spectrogram 1	1	20090.2356511089	20090.5172975212	763.031339199937	3126.55514757894	60_20090_1
126	Spectrogram 1	1	20090.8280275564	20091.1163178209	531.637399918076	3076.97073201854	60_20090_2
127	Spectrogram 1	1	20700.9963655028	20701.3456075657	614.278092518741	2663.76726901522	60_20700_1
128	Spectrogram 1	1	20701.8544941215	20702.2757151585	746.503200679804	2729.87982309575	60_20700_2
129	Spectrogram 1	1	20702.8705019383	20703.3409180288	812.615754760335	2581.12657641455	60_20700_3
130	Spectrogram 1	1	20716.4281483926	20716.6107814659	630.806231038874	2415.84519121323	60_20715_1
131	Spectrogram 1	1	20717.5476861269	20717.9660145059	729.975062159671	2597.65471493469	60_20715_2
132	Spectrogram 1	1	20720.2751850586	20720.6711539525	696.918785119405	2647.23913049509	60_20720_1
133	Spectrogram 1	1	20741.3836131311	20741.868564985	713.446923639538	2845.57679273668	60_20740_1
134	Spectrogram 1	1	20742.2391698772	20742.6102948988	729.975062159671	2680.29540753535	60_20740_2
135	Spectrogram 1	1	20743.5392152941	20743.9869609178	713.446923639538	2597.65471493469	60_20740_3
136	Spectrogram 1	1	20746.1382877259	20746.5986823777	763.031339199937	2597.65471493469	60_20745_1
137	Spectrogram 1	1	20746.8965568378	20747.3038302032	713.446923639538	2647.23913049509	60_20745_2
138	Spectrogram 1	1	20747.7297988709	20748.1745774589	729.975062159671	2630.71099197495	60_20745_3
139	Spectrogram 1	1	20753.675287257	20754.0247330526	729.975062159671	2498.48588381389	60_20750_1
140	Spectrogram 1	1	20776.0926169235	20776.5807591994	696.918785119405	2696.82354605548	60_20775_1
141	Spectrogram 1	1	20776.9328965568	20777.3760256104	696.918785119405	2680.29540753535	60_20775_2
142	Spectrogram 1	1	20777.756434168	20778.1507642353	746.503200679804	2531.54216085416	60_20775_3
143	Spectrogram 1	1	20781.8180351811	20782.2889822044	729.975062159671	2647.23913049509	60_20780_1
144	Spectrogram 1	1	20782.9143828479	20783.3266290847	729.975062159671	2432.37332973336	60_20780_2
145	Spectrogram 1	1	20787.028277177	20787.4047327396	746.503200679804	2548.07029937429	60_20785_1
146	Spectrogram 1	1	20833.7071077297	20834.0069328672	729.975062159671	2548.07029937429	60_20830_1
147	Spectrogram 1	1	20834.6176915946	20835.02293622	779.55947772007	2515.01402233402	60_20830_2
148	Spectrogram 1	1	20836.2981711895	20836.6989827642	713.446923639538	2597.65471493469	60_20835_1
149	Spectrogram 1	1	20837.4215812881	20837.7747039001	746.503200679804	2647.23913049509	60_20835_2
150	Spectrogram 1	1	20857.8955405646	20858.2887481728	713.446923639538	2729.87982309575	60_20855_1
151	Spectrogram 1	1	20858.877603511	20859.2846163151	647.334369559006	2481.95774529376	60_20855_2
152	Spectrogram 1	1	20943.497404827	20943.9160826332	796.087616240203	2713.35168457562	60_20940_1
153	Spectrogram 1	1	20944.2810433861	20944.6956658323	746.503200679804	2614.18285345482	60_20940_2
154	Spectrogram 1	1	20945.1146130471	20945.5217850483	696.918785119405	2564.59843789442	60_20945_1
155	Spectrogram 1	1	20946.0995905079	20946.5015438825	696.918785119405	2515.01402233402	60_20945_2
156	Spectrogram 1	1	20958.6605013848	20959.0388117083	729.975062159671	2498.48588381389	60_20955_1
157	Spectrogram 1	1	20959.5770658981	20959.9075643155	763.031339199937	2465.42960677362	60_20955_2
158	Spectrogram 1	1	20981.0812569816	20981.4194436232	812.615754760335	2316.67636009243	60_20980_1
159	Spectrogram 1	1	20982.0474985684	20982.4175823317	763.031339199937	2366.26077565283	60_20980_2
160	Spectrogram 1	1	21006.4968686829	21006.8631064944	647.334369559006	2432.37332973336	60_21005_1
161	Spectrogram 1	1	21007.4224753293	21007.7844158805	680.390646599272	2333.20449861256	60_21005_2
162	Spectrogram 1	1	21030.881810611	21031.2311613683	729.975062159671	2564.59843789442	60_21030_1
163	Spectrogram 1	1	21031.843480463	21032.0980461596	713.446923639538	2316.67636009243	60_21030_2
164	Spectrogram 1	1	21032.9370914577	21033.2531352854	680.390646599272	2465.42960677362	60_21030_3
165	Spectrogram 1	1	21040.6580017308	21041.02356046	713.446923639538	2267.09194453203	60_21040_1
166	Spectrogram 1	1	21090.9090878709	21091.2720824456	713.446923639538	2481.95774529376	60_21090_1
167	Spectrogram 1	1	21091.9426525939	21092.3275938505	663.862508079139	2382.78891417296	60_21090_2
168	Spectrogram 1	1	21097.9155618339	21098.2816755305	779.55947772007	2234.03566749176	60_21095_1
169	Spectrogram 1	1	21098.934604267	21099.3415294326	663.862508079139	2300.14822157229	60_21095_2
170	Spectrogram 1	1	21126.173616187	21126.561739127	878.728308840867	2465.42960677362	60_21125_1
171	Spectrogram 1	1	21127.1089158178	21127.4719103925	713.446923639538	2382.78891417296	60_21125_2
172	Spectrogram 1	1	21128.0254147861	21128.3958402639	713.446923639538	2432.37332973336	60_21125_3
173	Spectrogram 1	1	21145.3428868984	21145.6884063395	829.143893280468	2366.26077565283	60_21145_1
174	Spectrogram 1	1	21146.2048657457	21146.5667815649	763.031339199937	2481.95774529376	60_21145_2
175	Spectrogram 1	1	21147.0276803478	21147.4669683445	796.087616240203	2465.42960677362	60_21145_3
176	Spectrogram 1	1	21148.1956451113	21148.6513841964	779.55947772007	2250.5638060119	60_21145_4
177	Spectrogram 1	1	21193.6128887039	21193.965208716	763.031339199937	2465.42960677362	60_21190_1
178	Spectrogram 1	1	21194.4175886551	21194.7856151924	713.446923639538	2349.73263713269	60_21190_2
179	Spectrogram 1	1	21195.5035541782	21195.86490913	763.031339199937	2498.48588381389	60_21195_1
180	Spectrogram 1	1	21369.0056953883	21369.1753154455	647.334369559006	2234.03566749176	60_21365_1
181	Spectrogram 1	1	21370.0442320559	21370.1826615493	564.693676958342	2134.86683637097	60_21370_1
182	Spectrogram 1	1	21438.3017382452	21438.6962998872	779.55947772007	2498.48588381389	60_21435_1
183	Spectrogram 1	1	21439.3422452819	21439.7495612337	763.031339199937	2366.26077565283	60_21435_2
184	Spectrogram 1	1	21445.1930122627	21445.7216167008	829.143893280468	2481.95774529376	60_21445_1
185	Spectrogram 1	1	21445.9102080055	21446.3320563851	812.615754760335	2564.59843789442	60_21445_2
186	Spectrogram 1	1	21446.7154533019	21447.1660683087	829.143893280468	2465.42960677362	60_21445_3
187	Spectrogram 1	1	21758.6762130951	21758.9695373648	696.918785119405	2415.84519121323	60_21755_1
188	Spectrogram 1	1	21759.3676979966	21759.6761218971	829.143893280468	2415.84519121323	60_21755_2
189	Spectrogram 1	1	21760.1401751517	21760.517615447	796.087616240203	2333.20449861256	60_21760_1
190	Spectrogram 1	1	21765.1017056634	21765.495491098	796.087616240203	2366.26077565283	60_21765_1
191	Spectrogram 1	1	21766.0089810261	21766.3672363165	779.55947772007	2498.48588381389	60_21765_2
192	Spectrogram 1	1	21790.3927730732	21790.761812117	614.278092518741	2795.99237717628	60_21790_1
193	Spectrogram 1	1	21791.3419984757	21791.6715104061	796.087616240203	2713.35168457562	60_21790_2
194	Spectrogram 1	1	21792.3070710116	21792.76652522	746.503200679804	2399.31705269309	60_21790_3
195	Spectrogram 1	1	22056.6181052335	22056.9740344938	812.615754760335	2548.07029937429	60_22055_1
196	Spectrogram 1	1	22057.4178999702	22057.695272645	845.672031800601	2366.26077565283	60_22055_2
197	Spectrogram 1	1	23298.9585611235	23299.1732373177	0.129494236714106	2.92171371586202	1138.0
198	Spectrogram 1	1	23303.1396693958	23303.39481219	0.129494236714106	2.43611032818413	1139.0
199	Spectrogram 1	1	23303.665568565	23303.9368809321	0.149727711200685	2.63844507304992	1140.0
200	Spectrogram 1	1	23304.2221554724	23304.5289966736	0.109260762227527	2.53727770061702	1141.0
201	Spectrogram 1	1	23304.9497577976	23305.2056818195	0.169961185687264	2.57774464959018	1142.0
202	Spectrogram 1	1	23305.4562609458	23305.7636202395	0.149727711200685	2.73961244548281	1143.0
203	Spectrogram 1	1	23306.8738609754	23307.0548720363	0.149727711200685	2.5575111751036	1144.0
204	Spectrogram 1	1	23309.8849947806	23310.1522450609	0.0687938132543686	2.80031286894255	1145.0
205	Spectrogram 1	1	23314.0497533457	23314.2745649582	0.210428134660422	2.92171371586202	1146.0
206	Spectrogram 1	1	23314.5629855915	23314.8114057254	0.210428134660422	2.92171371586202	1147.0
207	Spectrogram 1	1	23315.0144922753	23315.3217522367	0.311595507093318	2.82054634342913	1148.0
208	Spectrogram 1	1	23315.5472722632	23315.8527360652	0.352062456066476	2.80031286894255	1149.0
209	Spectrogram 1	1	23316.0476626136	23316.3377722048	0.453229828499372	3.02288108829492	1150.0
210	Spectrogram 1	1	23316.5408148004	23316.834103494	0.412762879526214	2.84077981791571	1151.0
211	Spectrogram 1	1	23317.1652655483	23317.4924358181	0.311595507093318	2.71937897099623	1152.0
212	Spectrogram 1	1	23317.6874911753	23317.9769741293	0.49369677747253	2.86101329240229	1153.0
213	Spectrogram 1	1	23320.4241237964	23320.6991996714	0.473463302985951	2.75984591996939	1154.0
214	Spectrogram 1	1	23321.0152947486	23321.2832317568	0.372295930553055	2.80031286894255	1155.0
215	Spectrogram 1	1	23323.0911991714	23323.3286736646	0.453229828499372	2.9419471903486	1156.0
216	Spectrogram 1	1	23323.6839753351	23323.956229759	0.412762879526214	2.90148024137545	1157.0
217	Spectrogram 1	1	23324.2927889792	23324.5332413889	0.372295930553055	2.9419471903486	1158.0
218	Spectrogram 1	1	23327.29683573	23327.5536784222	0.27112855812016	2.88124676688887	1159.0
219	Spectrogram 1	1	23327.770599007	23328.0479712749	0.392529405039635	2.63844507304992	1160.0
220	Spectrogram 1	1	23328.9515605791	23329.2270395208	0.129494236714106	2.73961244548281	1161.0
221	Spectrogram 1	1	23329.5711622821	23329.8617533262	0.169961185687264	2.84077981791571	1162.0
222	Spectrogram 1	1	23341.9073177862	23342.1679245682	0.230661609147002	2.82054634342913	1163.0
223	Spectrogram 1	1	23613.0488933004	23613.2889892387	0.169961185687264	2.86101329240229	1164.0
224	Spectrogram 1	1	23615.6209070766	23615.9394864275	0.169961185687264	3.69058574635203	1165.0
225	Spectrogram 1	1	23616.3092486032	23616.669963534	0.169961185687264	3.54895142494598	1166.0
226	Spectrogram 1	1	24824.9977885659	24825.3226248444	614.278092518741	2366.26077565283	60_24825_1
227	Spectrogram 1	1	24825.8202827167	24826.2123905226	746.503200679804	2399.31705269309	60_24825_2
228	Spectrogram 1	1	24826.6921146999	24827.0692389147	680.390646599272	2283.62008305216	60_24825_3
229	Spectrogram 1	1	24827.6698319063	24827.9900980878	564.693676958342	2283.62008305216	60_24825_4
230	Spectrogram 1	1	24971.7698431783	24972.0714791082	696.918785119405	2481.95774529376	60_24970_1
231	Spectrogram 1	1	24972.5735459537	24972.8880387251	597.749953998608	2316.67636009243	60_24970_2
232	Spectrogram 1	1	24973.3492382993	24973.6551785784	680.390646599272	2267.09194453203	60_24970_3
233	Spectrogram 1	1	24982.1320143206	24982.4331908469	729.975062159671	2316.67636009243	60_24980_1
234	Spectrogram 1	1	24982.9887244011	24983.3130948458	729.975062159671	2515.01402233402	60_24980_2
235	Spectrogram 1	1	24983.8490291444	24984.266188138	961.369001441531	2614.18285345482	60_24980_3
236	Spectrogram 1	1	24984.7195541269	24985.0533923481	812.615754760335	2382.78891417296	60_24980_4
237	Spectrogram 1	1	25011.6073580726	25011.9302583257	779.55947772007	2316.67636009243	60_25010_1
238	Spectrogram 1	1	25012.472170553	25012.8969391886	812.615754760335	2432.37332973336	60_25010_2
239	Spectrogram 1	1	25013.3818148281	25013.769894707	647.334369559006	2448.90146825349	60_25010_3
240	Spectrogram 1	1	25058.675176164	25058.9949146318	713.446923639538	2399.31705269309	60_25055_1
241	Spectrogram 1	1	25059.5746939129	25059.972186685	597.749953998608	2432.37332973336	60_25055_2
242	Spectrogram 1	1	25060.438840151	25060.7735707974	680.390646599272	2333.20449861256	60_25060_1
243	Spectrogram 1	1	25072.3293344339	25072.6669093587	862.200170320734	2382.78891417296	60_25070_1
244	Spectrogram 1	1	25073.2105870434	25073.5489244223	647.334369559006	2432.37332973336	60_25070_2
245	Spectrogram 1	1	25074.1373068499	25074.4783566835	796.087616240203	2366.26077565283	60_25070_3
246	Spectrogram 1	1	25091.6833757217	25092.0358678391	729.975062159671	2349.73263713269	60_25090_1
247	Spectrogram 1	1	25092.5754375832	25092.8888735216	812.615754760335	2349.73263713269	60_25090_2
248	Spectrogram 1	1	25093.4083665328	25093.7091349817	729.975062159671	2498.48588381389	60_25090_3
249	Spectrogram 1	1	25094.5871754933	25094.9681884879	779.55947772007	2448.90146825349	60_25090_4
250	Spectrogram 1	1	25123.1279979836	25123.4679445837	746.503200679804	2366.26077565283	60_25120_1
251	Spectrogram 1	1	25124.0407650575	25124.3845135155	763.031339199937	2432.37332973336	60_25120_2
252	Spectrogram 1	1	25124.9815218975	25125.3050169539	680.390646599272	2415.84519121323	60_25125_1
253	Spectrogram 1	1	25126.0774765598	25126.4865477573	829.143893280468	2283.62008305216	60_25125_2
254	Spectrogram 1	1	25150.0546895364	25150.3727974668	713.446923639538	2217.50752897163	60_25150_1
255	Spectrogram 1	1	25150.9857953263	25151.3902263906	729.975062159671	2200.9793904515	60_25150_2
256	Spectrogram 1	1	25151.8731903491	25152.2326252095	680.390646599272	2118.33869785083	60_25150_3
257	Spectrogram 1	1	25186.8276000296	25187.1584392139	548.165538438209	2349.73263713269	60_25185_1
258	Spectrogram 1	1	25187.6726934293	25188.0428421621	498.58112287781	2382.78891417296	60_25185_2
259	Spectrogram 1	1	25188.5542550346	25188.9699095549	548.165538438209	2481.95774529376	60_25185_3
260	Spectrogram 1	1	25189.5640374688	25189.8936167284	564.693676958342	2448.90146825349	60_25185_4
261	Spectrogram 1	1	25220.6681579276	25220.9623950219	630.806231038874	2448.90146825349	60_25220_1
262	Spectrogram 1	1	25221.6194830316	25221.9718030437	564.693676958342	2415.84519121323	60_25220_2
263	Spectrogram 1	1	25222.5360465926	25222.9022028398	680.390646599272	2481.95774529376	60_25220_3
264	Spectrogram 1	1	25223.4281915069	25223.7360233146	564.693676958342	2432.37332973336	60_25220_4
265	Spectrogram 1	1	25256.135955499	25256.5049461499	696.918785119405	2465.42960677362	60_25255_1
266	Spectrogram 1	1	25257.1442532098	25257.5159043298	663.862508079139	2614.18285345482	60_25255_2
267	Spectrogram 1	1	25258.1163608698	25258.503781283	696.918785119405	2581.12657641455	60_25255_3
268	Spectrogram 1	1	25267.0352911382	25267.3306965553	614.278092518741	2465.42960677362	60_25265_1
269	Spectrogram 1	1	25268.0251811062	25268.307723858	845.672031800601	2316.67636009243	60_25265_2
270	Spectrogram 1	1	25268.9285411323	25269.356402318	713.446923639538	2382.78891417296	60_25265_3
271	Spectrogram 1	1	25350.6338961383	25351.0424581308	647.334369559006	2614.18285345482	60_25350_1
272	Spectrogram 1	1	25351.5198619044	25351.9040350059	614.278092518741	2746.40796161588	60_25350_2
273	Spectrogram 1	1	25352.3921995673	25352.773641369	614.278092518741	2829.04865421655	60_25350_3
274	Spectrogram 1	1	25376.4099495708	25376.7089245879	796.087616240203	2581.12657641455	60_25375_1
275	Spectrogram 1	1	25377.3304985583	25377.6015462847	746.503200679804	3473.64605650173	60_25375_2
276	Spectrogram 1	1	25378.1991148989	25378.4966394348	812.615754760335	3556.28674910239	60_25375_3
