Selection	View	Channel	Begin Time (s)	End Time (s)	Low Freq (Hz)	High Freq (Hz)	Annotation
1	Spectrogram 1	1	815.769952575701	816.124076558077	663.862508079139	3506.702333542	65_815_1
2	Spectrogram 1	1	816.51137042832	816.879225299496	680.390646599272	3225.72397869974	65_815_2
3	Spectrogram 1	1	820.970565165965	821.372601019456	614.278092518741	3010.85817793801	65_820_1
4	Spectrogram 1	1	821.904960019145	822.285626622542	696.918785119405	2680.29540753535	65_820_2
5	Spectrogram 1	1	2556.05083525173	2556.44034415248	663.862508079139	2597.65471493469	65_2555_1
6	Spectrogram 1	1	7207.79670797666	7208.13909997085	663.862508079139	2647.23913049509	65_7205_1
7	Spectrogram 1	1	7217.23355476175	7217.5418356778	597.749953998608	2200.9793904515	65_7215_1
8	Spectrogram 1	1	7218.65523953483	7218.97420206814	564.693676958342	2465.42960677362	65_7215_2
9	Spectrogram 1	1	11637.8199252998	11637.9079130803	763.031339199937	2448.90146825349	65_11635_1
10	Spectrogram 1	1	11638.3170801379	11638.5490606095	713.446923639538	2597.65471493469	65_11635_2
11	Spectrogram 1	1	15084.2061712743	15084.6482045667	382.88415323688	1953.0573126495	65_15080_1
12	Spectrogram 1	1	15090.0437820874	15090.4384430316	614.278092518741	2085.28242081057	65_15090_1
13	Spectrogram 1	1	15091.8260188737	15092.2279585831	746.503200679804	1969.58545116964	65_15090_2
14	Spectrogram 1	1	15093.1786083468	15093.460011574	581.221815478475	2101.8105593307	65_15090_3
15	Spectrogram 1	1	15176.3598704189	15176.4826008819	680.390646599272	1672.07895780725	65_15175_1
16	Spectrogram 1	1	15177.1970089052	15177.3918522456	597.749953998608	1870.41662004884	65_15175_2
17	Spectrogram 1	1	15177.8849937421	15177.9624420733	564.693676958342	1820.83220448844	65_15175_3
18	Spectrogram 1	1	15178.198554005	15178.2905506769	729.975062159671	1804.30406596831	65_15175_4
19	Spectrogram 1	1	15178.7394084118	15178.7790951324	796.087616240203	1639.02268076698	65_15175_5
20	Spectrogram 1	1	15195.4599723566	15195.6434306713	630.806231038874	1920.00103560924	65_15195_1
21	Spectrogram 1	1	15196.2474636797	15196.4186469756	647.334369559006	1787.77592744818	65_15195_2
22	Spectrogram 1	1	15196.6990434983	15196.801654974	746.503200679804	1787.77592744818	65_15195_3
23	Spectrogram 1	1	15197.698111212	15197.7819068915	663.862508079139	1721.66337336764	65_15195_4
24	Spectrogram 1	1	15198.9792120675	15199.0924429017	597.749953998608	1556.38198816632	65_15195_5
25	Spectrogram 1	1	15296.9068746303	15297.0703812083	713.446923639538	1886.94475856897	65_15295_1
26	Spectrogram 1	1	15297.2585316737	15297.3942080647	614.278092518741	1886.94475856897	65_15295_2
27	Spectrogram 1	1	15297.5766635157	15297.6379425447	564.693676958342	1605.96640372671	65_15295_3
28	Spectrogram 1	1	15297.8556972789	15297.9139491897	564.693676958342	1754.71965040791	65_15295_4
29	Spectrogram 1	1	15432.1789371902	15432.2972494091	779.55947772007	1771.24778892804	65_15430_1
30	Spectrogram 1	1	15432.5029746911	15432.6681087129	564.693676958342	1903.47289708911	65_15430_2
31	Spectrogram 1	1	15433.6062715	15433.8562645341	432.468568797279	1953.0573126495	65_15430_3
32	Spectrogram 1	1	15641.9818347191	15642.1892335656	630.806231038874	1837.36034300857	65_15640_1
33	Spectrogram 1	1	15642.356071923	15642.5048573934	465.524845837545	1738.19151188778	65_15640_2
34	Spectrogram 1	1	17332.7241360378	17333.0217205993	581.221815478475	2300.14822157229	65_17330_1
35	Spectrogram 1	1	17553.2658055009	17553.5227195955	515.109261397944	1870.41662004884	65_17550_1
36	Spectrogram 1	1	17553.744633027	17553.8657835622	531.637399918076	1920.00103560924	65_17550_2
37	Spectrogram 1	1	17554.3732337731	17554.5266767859	729.975062159671	2696.82354605548	65_17550_3
38	Spectrogram 1	1	19774.976194896	19775.189859106	415.940430277146	2333.20449861256	65_19775_1
39	Spectrogram 1	1	19779.0027209657	19779.1714894217	630.806231038874	2382.78891417296	65_19775_2
40	Spectrogram 1	1	19779.6754515522	19779.8869540676	630.806231038874	2977.80190089774	65_19775_3
41	Spectrogram 1	1	19919.3876369812	19919.6207218519	696.918785119405	2564.59843789442	65_19915_1
42	Spectrogram 1	1	19919.9871869624	19920.2395539303	845.672031800601	2531.54216085416	65_19920_1
43	Spectrogram 1	1	19921.2126406687	19921.4053899697	647.334369559006	2812.52051569641	65_19920_2
44	Spectrogram 1	1	19984.9657607271	19985.1527713119	977.897139961664	3060.44259349841	65_19985_1
45	Spectrogram 1	1	19985.4238503919	19985.5950336879	746.503200679804	2911.68934681721	65_19985_2
46	Spectrogram 1	1	19985.8810260348	19986.1214576746	696.918785119405	3110.02700905881	65_19985_3
47	Spectrogram 1	1	19986.4743713387	19986.7451433645	796.087616240203	2994.33003941788	65_19985_4
48	Spectrogram 1	1	19987.0152475484	19987.3508252684	779.55947772007	3093.49887053867	65_19985_5
49	Spectrogram 1	1	19987.6636279507	19987.8469272639	812.615754760335	2812.52051569641	65_19985_6
50	Spectrogram 1	1	19988.497873026	19988.9023743411	829.143893280468	2498.48588381389	65_19985_7
51	Spectrogram 1	1	19989.0596855626	19989.3750560997	763.031339199937	2548.07029937429	65_19985_8
52	Spectrogram 1	1	19989.6661613135	19989.9247387421	564.693676958342	2515.01402233402	65_19985_9
53	Spectrogram 1	1	19990.5663446583	19990.8557844254	729.975062159671	2564.59843789442	65_19990_1
54	Spectrogram 1	1	19991.2449185253	19991.4588920849	482.052984357678	2630.71099197495	65_19990_2
55	Spectrogram 1	1	19991.7714226807	19992.12362115	465.524845837545	2597.65471493469	65_19990_3
56	Spectrogram 1	1	19992.3151075941	19992.5807929403	614.278092518741	2928.21748533734	65_19990_4
57	Spectrogram 1	1	19992.904152949	19993.1662878077	614.278092518741	2779.46423865615	65_19990_5
58	Spectrogram 1	1	19995.610579825	19995.8088331364	680.390646599272	2614.18285345482	65_19995_1
59	Spectrogram 1	1	19996.297664265	19996.59509039	614.278092518741	2713.35168457562	65_19995_2
60	Spectrogram 1	1	19996.9559525012	19997.223827717	614.278092518741	2795.99237717628	65_19995_3
61	Spectrogram 1	1	20003.2666882536	20003.5019923785	779.55947772007	2548.07029937429	65_20000_1
62	Spectrogram 1	1	20003.8157700556	20004.0994235296	829.143893280468	2465.42960677362	65_20000_2
63	Spectrogram 1	1	20004.4360183992	20004.7218214552	746.503200679804	2399.31705269309	65_20000_3
64	Spectrogram 1	1	20006.2226811142	20006.4551817868	812.615754760335	2829.04865421655	65_20005_1
65	Spectrogram 1	1	20006.9610636098	20007.2471342337	746.503200679804	2333.20449861256	65_20005_2
66	Spectrogram 1	1	20009.2349083909	20009.5313052873	829.143893280468	2481.95774529376	65_20005_3
67	Spectrogram 1	1	20010.1498883719	20010.2456396811	977.897139961664	2399.31705269309	65_20010_3
68	Spectrogram 1	1	20010.655362968	20010.9356285744	746.503200679804	2283.62008305216	65_20010_1
69	Spectrogram 1	1	20012.5710735549	20012.748793744	746.503200679804	2300.14822157229	65_20010_2
70	Spectrogram 1	1	20015.628031942	20015.8152772325	729.975062159671	2448.90146825349	65_20015_1
71	Spectrogram 1	1	20016.2554883382	20016.7244653171	829.143893280468	2614.18285345482	65_20015_2
72	Spectrogram 1	1	20016.8811185988	20017.2128993087	729.975062159671	2382.78891417296	65_20015_3
73	Spectrogram 1	1	20017.4325617986	20017.7263505861	663.862508079139	2382.78891417296	65_20015_4
74	Spectrogram 1	1	20018.0594237073	20018.3468327804	647.334369559006	2829.04865421655	65_20015_5
75	Spectrogram 1	1	20018.80063022	20019.1010865798	680.390646599272	2448.90146825349	65_20015_6
76	Spectrogram 1	1	20019.4150135187	20019.7439039574	531.637399918076	2911.68934681721	65_20015_7
77	Spectrogram 1	1	20020.067696697	20020.4862870718	614.278092518741	3027.38631645814	65_20020_1
78	Spectrogram 1	1	20022.0377700046	20022.2841363136	531.637399918076	2779.46423865615	65_20020_2
79	Spectrogram 1	1	20024.7548452039	20024.9031155228	729.975062159671	2779.46423865615	65_20020_3
80	Spectrogram 1	1	20025.3529810599	20025.7002059678	663.862508079139	2680.29540753535	65_20025_1
81	Spectrogram 1	1	20025.9990353873	20026.2637496986	630.806231038874	2762.93610013602	65_20025_2
82	Spectrogram 1	1	20026.6656917199	20027.0699300387	630.806231038874	2812.52051569641	65_20025_3
83	Spectrogram 1	1	20420.2710282432	20420.4781296033	713.446923639538	2762.93610013602	65_20420_1
84	Spectrogram 1	1	20420.7602811841	20420.9622432036	729.975062159671	2795.99237717628	65_20420_2
85	Spectrogram 1	1	20421.1647046883	20421.4227137843	878.728308840867	2515.01402233402	65_20420_3
86	Spectrogram 1	1	20421.7671094244	20421.9560066402	779.55947772007	2597.65471493469	65_20420_4
87	Spectrogram 1	1	20422.6684389648	20422.9317064974	779.55947772007	2614.18285345482	65_20420_5
88	Spectrogram 1	1	20423.2203757526	20423.5227343299	696.918785119405	2779.46423865615	65_20420_6
89	Spectrogram 1	1	20423.8590422464	20424.1371410702	713.446923639538	2647.23913049509	65_20420_7
90	Spectrogram 1	1	20424.4828009194	20424.7491433128	746.503200679804	2680.29540753535	65_20420_8
91	Spectrogram 1	1	20425.1045023067	20425.3991086606	911.784585881133	2581.12657641455	65_20425_1
92	Spectrogram 1	1	20425.6655066859	20425.9264393718	862.200170320734	2448.90146825349	65_20425_2
93	Spectrogram 1	1	20426.2599020636	20426.4538518087	812.615754760335	2680.29540753535	65_20425_3
94	Spectrogram 1	1	20426.9950467982	20427.2099221457	812.615754760335	2845.57679273668	65_20425_4
95	Spectrogram 1	1	20432.271356052	20432.5310957041	680.390646599272	2630.71099197495	65_20430_1
96	Spectrogram 1	1	20731.8086739503	20732.0109137718	928.312724401265	2614.18285345482	65_20730_1
97	Spectrogram 1	1	20732.2568195656	20732.5117198052	862.200170320734	2498.48588381389	65_20730_2
98	Spectrogram 1	1	20732.7857454791	20733.123710654	796.087616240203	2531.54216085416	65_20730_3
99	Spectrogram 1	1	20733.3381356618	20733.6367765978	895.256447361	2597.65471493469	65_20730_4
100	Spectrogram 1	1	21618.0103355736	21618.2439260764	300.243460636216	2300.14822157229	65_21615_1
101	Spectrogram 1	1	21618.9000223724	21619.2181153405	531.637399918076	2647.23913049509	65_21615_2
102	Spectrogram 1	1	21619.6764964329	21619.8757490622	548.165538438209	2597.65471493469	65_21615_3
103	Spectrogram 1	1	21624.9191558654	21625.0457343636	630.806231038874	1986.11358968977	65_21625_1
104	Spectrogram 1	1	21625.4350456484	21625.6637891754	696.918785119405	2746.40796161588	65_21625_2
105	Spectrogram 1	1	21626.0110045066	21626.2498241375	564.693676958342	2862.10493125681	65_21625_3
106	Spectrogram 1	1	21627.0718023398	21627.3247289093	647.334369559006	2977.80190089774	65_21625_4
107	Spectrogram 1	1	21627.6283237345	21627.8987892099	663.862508079139	2746.40796161588	65_21625_5
108	Spectrogram 1	1	21628.2203717352	21628.530502548	779.55947772007	2647.23913049509	65_21625_6
109	Spectrogram 1	1	21628.7634252573	21629.0086924028	647.334369559006	2498.48588381389	65_21625_7
110	Spectrogram 1	1	21629.3839388026	21629.6561360316	597.749953998608	2729.87982309575	65_21625_8
111	Spectrogram 1	1	21630.7324364385	21630.8823161297	729.975062159671	2498.48588381389	65_21630_1
112	Spectrogram 1	1	21631.7269038968	21631.9914443662	663.862508079139	2779.46423865615	65_21630_2
