Selection	View	Channel	Begin Time (s)	End Time (s)	Low Freq (Hz)	High Freq (Hz)	Annotation
1	Spectrogram 1	1	0.303203661327231	0.520594965675057	0	4000	66_0_1
2	Spectrogram 1	1	0.70475016285285	0.939974688531595	763.031339199937	2994.33003941788	66_0_2
3	Spectrogram 1	1	1.32245947501691	1.55189145454834	713.446923639538	2878.63306977695	66_0_3
4	Spectrogram 1	1	1.97489625617688	2.23408391419492	349.827876196615	2349.73263713269	66_0_4
5	Spectrogram 1	1	2.94071682737829	3.1854468998137	696.918785119405	2614.18285345482	66_0_5
6	Spectrogram 1	1	3.56150752924153	3.74646045829783	763.031339199937	2729.87982309575	66_0_6
7	Spectrogram 1	1	4.74934258367903	4.87017332566498	663.862508079139	1986.11358968977	66_0_7
8	Spectrogram 1	1	649.959060235039	650.137457509378	944.840862921399	2515.01402233402	66_650_1
9	Spectrogram 1	1	650.826179673342	651.041243063136	911.784585881133	2531.54216085416	66_650_2
10	Spectrogram 1	1	651.438860512844	651.702593711173	763.031339199937	2994.33003941788	66_650_3
11	Spectrogram 1	1	655.545798667331	655.731865655343	994.425278481797	2663.76726901522	66_655_1
12	Spectrogram 1	1	656.224896431584	656.409300985159	829.143893280468	2862.10493125681	66_655_2
13	Spectrogram 1	1	656.810061494494	657.09970168074	1093.59410960259	2729.87982309575	66_655_3
14	Spectrogram 1	1	657.430482888315	657.751832954576	944.840862921399	2713.35168457562	66_655_4
15	Spectrogram 1	1	658.104543784671	658.237178162368	829.143893280468	2647.23913049509	66_655_5
16	Spectrogram 1	1	658.748162317231	658.939752886107	961.369001441531	2630.71099197495	66_655_6
17	Spectrogram 1	1	686.912797257179	687.042504909162	250.659045075817	2283.62008305216	66_685_1
18	Spectrogram 1	1	687.434246367938	687.525491748485	465.524845837545	1953.0573126495	66_685_2
19	Spectrogram 1	1	688.382187925823	688.588278684729	696.918785119405	2746.40796161588	66_685_3
20	Spectrogram 1	1	930.871874503058	931.093073644993	581.221815478475	2515.01402233402	66_930_1
21	Spectrogram 1	1	931.450448386132	931.77513777478	663.862508079139	3027.38631645814	66_930_2
22	Spectrogram 1	1	1865.25579900032	1865.4737154683	713.446923639538	2713.35168457562	66_1865_1
23	Spectrogram 1	1	1865.68296282437	1865.89191682888	862.200170320734	2779.46423865615	66_1865_2
24	Spectrogram 1	1	1866.12526622163	1866.34333341979	911.784585881133	2845.57679273668	66_1865_3
25	Spectrogram 1	1	1866.64623123753	1866.83887053384	994.425278481797	2779.46423865615	66_1865_4
26	Spectrogram 1	1	1867.13950184137	1867.42400934919	895.256447361	2911.68934681721	66_1865_5
27	Spectrogram 1	1	1867.66011983478	1868.22332842328	829.143893280468	2845.57679273668	66_1865_6
28	Spectrogram 1	1	1868.39599365259	1868.6673713196	994.425278481797	2895.16120829708	66_1865_7
29	Spectrogram 1	1	1871.30158336537	1871.53044207986	713.446923639538	2663.76726901522	66_1870_1
30	Spectrogram 1	1	1871.82203716305	1872.15881457517	796.087616240203	2829.04865421655	66_1870_2
31	Spectrogram 1	1	1872.45514109297	1872.67892312416	895.256447361	2581.12657641455	66_1870_3
32	Spectrogram 1	1	1923.40642924968	1924.04667449944	829.143893280468	3209.1958401796	66_1920_1
33	Spectrogram 1	1	1924.68979652836	1925.41671134046	663.862508079139	2845.57679273668	66_1920_2
34	Spectrogram 1	1	1926.10942582139	1926.81784090628	663.862508079139	2862.10493125681	66_1925_1
35	Spectrogram 1	1	1940.39832004092	1941.01614496952	763.031339199937	3126.55514757894	66_1940_1
36	Spectrogram 1	1	1941.74969738645	1942.44681332679	663.862508079139	3126.55514757894	66_1940_2
37	Spectrogram 1	1	5673.17420745536	5673.42100345484	597.749953998608	2382.78891417296	66_5670_1
38	Spectrogram 1	1	5913.36962163708	5913.58675655638	829.143893280468	2614.18285345482	66_5910_1
39	Spectrogram 1	1	5913.74980627067	5914.19038630895	779.55947772007	2746.40796161588	66_5910_2
40	Spectrogram 1	1	5914.29013602895	5914.55949761907	763.031339199937	2680.29540753535	66_5910_3
41	Spectrogram 1	1	6229.61139986347	6230.04664304691	878.728308840867	2829.04865421655	66_6225_1
42	Spectrogram 1	1	6230.7410458913	6231.17151454346	763.031339199937	2795.99237717628	66_6230_1
43	Spectrogram 1	1	6243.06509039829	6243.40888716036	663.862508079139	3870.32138098492	66_6240_1
44	Spectrogram 1	1	6244.15210178208	6244.49873618875	696.918785119405	3837.26510394465	66_6240_2
45	Spectrogram 1	1	6264.79624042391	6265.21336095879	796.087616240203	3159.6114246192	66_6260_1
46	Spectrogram 1	1	6265.93431039916	6266.27213208031	713.446923639538	2465.42960677362	66_6265_1
47	Spectrogram 1	1	6273.40112679902	6273.78061684993	878.728308840867	2465.42960677362	66_6270_1
48	Spectrogram 1	1	6274.28505242221	6274.69858484998	812.615754760335	2696.82354605548	66_6270_2
49	Spectrogram 1	1	6782.246331998	6782.74855746815	779.55947772007	2597.65471493469	66_6780_1
50	Spectrogram 1	1	6787.55340142356	6788.04237911456	746.503200679804	2382.78891417296	66_6785_1
51	Spectrogram 1	1	6788.83435118153	6789.38818957545	763.031339199937	2432.37332973336	66_6785_2
52	Spectrogram 1	1	6805.97159853322	6806.5589153064	696.918785119405	2597.65471493469	66_6805_1
53	Spectrogram 1	1	6806.96636087464	6807.56271734934	614.278092518741	2663.76726901522	66_6805_2
54	Spectrogram 1	1	6808.1214381944	6808.66213226071	630.806231038874	2630.71099197495	66_6805_3
55	Spectrogram 1	1	6861.37870286164	6861.87697078256	680.390646599272	2581.12657641455	66_6860_1
56	Spectrogram 1	1	6862.24897081241	6862.8097825467	663.862508079139	2564.59843789442	66_6860_2
57	Spectrogram 1	1	6863.15059886245	6863.634944078	729.975062159671	2564.59843789442	66_6860_3
58	Spectrogram 1	1	6871.90658357371	6872.46275312764	581.221815478475	2548.07029937429	66_6870_1
59	Spectrogram 1	1	6872.99139018886	6873.52082699406	630.806231038874	2531.54216085416	66_6870_2
60	Spectrogram 1	1	7093.03615710112	7093.54915495372	448.996707317412	2614.18285345482	66_7090_1
61	Spectrogram 1	1	7094.08170501157	7094.61111224862	548.165538438209	2630.71099197495	66_7090_2
62	Spectrogram 1	1	7107.9551896504	7108.50971295642	680.390646599272	2597.65471493469	66_7105_1
63	Spectrogram 1	1	7109.51107564105	7110.07792446095	630.806231038874	2713.35168457562	66_7105_2
64	Spectrogram 1	1	7110.27665871237	7110.78123918029	729.975062159671	2696.82354605548	66_7110_1
65	Spectrogram 1	1	7115.09390859548	7115.72484277922	729.975062159671	2944.74562385748	66_7115_1
66	Spectrogram 1	1	7115.9620309494	7116.48750872878	680.390646599272	2944.74562385748	66_7115_5
67	Spectrogram 1	1	7116.89748718648	7117.48983017744	746.503200679804	3010.85817793801	66_7115_2
68	Spectrogram 1	1	7117.86787371946	7118.48231358781	680.390646599272	2862.10493125681	66_7115_3
69	Spectrogram 1	1	7118.80505486672	7119.34433292826	680.390646599272	2746.40796161588	66_7115_4
70	Spectrogram 1	1	7139.36713292057	7140.01986781952	482.052984357678	2465.42960677362	66_7135_1
71	Spectrogram 1	1	7140.40999820105	7140.99010891165	564.693676958342	2680.29540753535	66_7140_1
72	Spectrogram 1	1	7174.27430095617	7174.79405935562	581.221815478475	2779.46423865615	66_7170_1
73	Spectrogram 1	1	7420.54565813983	7420.78721674868	779.55947772007	2283.62008305216	66_7420_1
74	Spectrogram 1	1	7421.15293739556	7421.39589628439	796.087616240203	2349.73263713269	66_7420_2
75	Spectrogram 1	1	7733.43724318805	7733.63988870737	845.672031800601	2630.71099197495	66_7730_1
76	Spectrogram 1	1	7733.84317000623	7734.06559178243	680.390646599272	2630.71099197495	66_7730_2
77	Spectrogram 1	1	7734.35043091863	7734.62224301509	746.503200679804	2812.52051569641	66_7730_3
78	Spectrogram 1	1	7734.86373511153	7735.128996366	696.918785119405	2680.29540753535	66_7730_4
79	Spectrogram 1	1	7735.70780102547	7735.9527411206	779.55947772007	2597.65471493469	66_7735_1
80	Spectrogram 1	1	7738.0259426095	7738.19868081784	862.200170320734	2845.57679273668	66_7735_2
81	Spectrogram 1	1	7738.51115060244	7738.68520678446	895.256447361	2928.21748533734	66_7735_3
82	Spectrogram 1	1	7739.06253070075	7739.22507343311	779.55947772007	2944.74562385748	66_7735_4
83	Spectrogram 1	1	7739.49206938417	7739.6858272889	548.165538438209	2729.87982309575	66_7735_5
84	Spectrogram 1	1	7739.98010219813	7740.28051966896	432.468568797279	2498.48588381389	66_7740_1
85	Spectrogram 1	1	7740.56077735215	7740.79763613976	548.165538438209	2448.90146825349	66_7740_2
86	Spectrogram 1	1	7741.12751801815	7741.42700596813	531.637399918076	2415.84519121323	66_7740_3
87	Spectrogram 1	1	8061.99729325144	8062.105700432	630.806231038874	2630.71099197495	66_8060_1
88	Spectrogram 1	1	8062.66568075223	8062.7611177192	663.862508079139	2647.23913049509	66_8060_2
89	Spectrogram 1	1	8428.73592744655	8429.02576767628	564.693676958342	2630.71099197495	66_8425_1
90	Spectrogram 1	1	8429.29914397701	8429.5591075695	531.637399918076	2961.27376237761	66_8425_2
91	Spectrogram 1	1	8430.04994971031	8430.23803336158	779.55947772007	2614.18285345482	66_8430_1
92	Spectrogram 1	1	9244.7194743424	9245.08210913399	812.615754760335	2548.07029937429	66_9240_1
93	Spectrogram 1	1	9245.59720572588	9246.00031320793	729.975062159671	2432.37332973336	66_9245_1
94	Spectrogram 1	1	9263.91148224672	9264.27802979072	696.918785119405	2399.31705269309	66_9260_1
95	Spectrogram 1	1	9264.88393126689	9265.31545022397	680.390646599272	2498.48588381389	66_9260_2
96	Spectrogram 1	1	9451.57461812236	9451.95380424685	696.918785119405	2548.07029937429	66_9450_1
97	Spectrogram 1	1	9452.44002040237	9452.81284610033	696.918785119405	2597.65471493469	66_9450_2
98	Spectrogram 1	1	9453.30333136961	9453.73485707408	696.918785119405	2465.42960677362	66_9450_3
99	Spectrogram 1	1	9454.18991595762	9454.59561849369	647.334369559006	2630.71099197495	66_9450_4
100	Spectrogram 1	1	11251.434252198	11251.6710117772	663.862508079139	2234.03566749176	66_11250_1
101	Spectrogram 1	1	11276.8688047491	11277.082500251	614.278092518741	2250.5638060119	66_11275_1
102	Spectrogram 1	1	11277.5644452877	11277.8366425166	614.278092518741	2300.14822157229	66_11275_2
103	Spectrogram 1	1	12795.1087481623	12795.2272505194	713.446923639538	3771.15254986412	66_12795_1
104	Spectrogram 1	1	12795.8851089541	12795.9875781567	779.55947772007	3027.38631645814	66_12795_2
