Selection	View	Channel	Begin Time (s)	End Time (s)	Low Freq (Hz)	High Freq (Hz)	Annotation
1	Spectrogram 1	1	22376.772397762	22376.9458475023	713.446923639538	2200.9793904515	2674.0
2	Spectrogram 1	1	22377.1342701257	22377.4832464697	663.862508079139	2250.5638060119	2675.0
3	Spectrogram 1	1	22377.5983034449	22377.922680139	696.918785119405	2101.8105593307	2676.0
4	Spectrogram 1	1	22378.0907673733	22378.5011387533	696.918785119405	2184.45125193136	2677.0
5	Spectrogram 1	1	22378.5890738618	22378.8534245644	680.390646599272	2217.50752897163	2678.0
6	Spectrogram 1	1	22379.0896068514	22379.3658762393	680.390646599272	2250.5638060119	2679.0
7	Spectrogram 1	1	22379.599111595	22379.9522249864	630.806231038874	2101.8105593307	2680.0
8	Spectrogram 1	1	22380.1321688891	22380.4567315226	680.390646599272	2134.86683637097	2681.0
9	Spectrogram 1	1	22380.6719206139	22380.9496866819	647.334369559006	2101.8105593307	2682.0
10	Spectrogram 1	1	22381.1966084488	22381.4909947479	581.221815478475	2134.86683637097	2683.0
11	Spectrogram 1	1	22381.7493380944	22382.0985573113	680.390646599272	2134.86683637097	2684.0
12	Spectrogram 1	1	22382.2918257259	22382.6221070546	614.278092518741	2184.45125193136	2685.0
13	Spectrogram 1	1	22398.7161082707	22398.9001625729	663.862508079139	2085.28242081057	2686.0
14	Spectrogram 1	1	22399.0565624871	22399.368700817	630.806231038874	2184.45125193136	2687.0
15	Spectrogram 1	1	22399.5329105897	22399.8406223888	647.334369559006	2184.45125193136	2688.0
16	Spectrogram 1	1	22400.017320507	22400.343156844	663.862508079139	2267.09194453203	2689.0
17	Spectrogram 1	1	22400.5188810458	22400.842171348	581.221815478475	2200.9793904515	2690.0
18	Spectrogram 1	1	22401.0199425837	22401.3519847305	630.806231038874	2167.92311341123	2691.0
19	Spectrogram 1	1	22401.5411608298	22401.8629074807	663.862508079139	2267.09194453203	2692.0
20	Spectrogram 1	1	22414.3230862495	22414.5277580298	713.446923639538	2217.50752897163	2693.0
21	Spectrogram 1	1	22414.666384692	22415.0270271978	647.334369559006	2200.9793904515	2694.0
22	Spectrogram 1	1	22415.146025151	22415.4575210252	680.390646599272	2250.5638060119	2695.0
23	Spectrogram 1	1	22415.6474619361	22415.8918093718	663.862508079139	2250.5638060119	2696.0
24	Spectrogram 1	1	22416.1357838475	22416.3836867192	630.806231038874	2200.9793904515	2697.0
25	Spectrogram 1	1	22416.6468407027	22416.9960599196	647.334369559006	2234.03566749176	2698.0
26	Spectrogram 1	1	22417.2273584196	22417.5256452081	647.334369559006	2184.45125193136	2699.0
27	Spectrogram 1	1	22421.9702839708	22422.1961387655	746.503200679804	2283.62008305216	2700.0
28	Spectrogram 1	1	22422.312455536	22422.556532472	680.390646599272	2167.92311341123	2701.0
29	Spectrogram 1	1	22422.7736325464	22422.9937642149	663.862508079139	2250.5638060119	2702.0
30	Spectrogram 1	1	22423.282733651	22423.4931382685	696.918785119405	2200.9793904515	2703.0
31	Spectrogram 1	1	22423.7779736769	22424.0375973428	663.862508079139	2151.3949748911	2704.0
32	Spectrogram 1	1	22424.3234787886	22424.6208767335	614.278092518741	2118.33869785083	2705.0
33	Spectrogram 1	1	22424.8423278078	22425.2262768288	746.503200679804	2167.92311341123	2706.0
34	Spectrogram 1	1	22434.466156627	22434.6517188843	696.918785119405	2134.86683637097	2707.0
35	Spectrogram 1	1	22434.7877922946	22435.1333957502	663.862508079139	2167.92311341123	2708.0
36	Spectrogram 1	1	22435.2783384516	22435.6279775635	680.390646599272	2267.09194453203	2709.0
37	Spectrogram 1	1	22435.7548491866	22436.2257354837	696.918785119405	2250.5638060119	2710.0
38	Spectrogram 1	1	22436.2465157554	22436.5624230351	614.278092518741	2217.50752897163	2711.0
39	Spectrogram 1	1	22436.778186367	22437.0926896863	581.221815478475	2234.03566749176	2712.0
40	Spectrogram 1	1	22450.1678148943	22450.3619805162	614.278092518741	2234.03566749176	2713.0
41	Spectrogram 1	1	22450.5210412847	22450.8703292932	564.693676958342	2250.5638060119	2714.0
42	Spectrogram 1	1	22451.0217591929	22451.3347620867	630.806231038874	2333.20449861256	2715.0
43	Spectrogram 1	1	22451.4813553841	22451.8223325593	663.862508079139	2217.50752897163	2716.0
44	Spectrogram 1	1	22451.9970824066	22452.3581067965	680.390646599272	2250.5638060119	2717.0
45	Spectrogram 1	1	22452.5124257619	22452.848702962	647.334369559006	2134.86683637097	2718.0
46	Spectrogram 1	1	22453.0049713815	22453.3165450218	647.334369559006	2283.62008305216	2719.0
47	Spectrogram 1	1	22465.5478229349	22466.056751577	564.693676958342	2415.84519121323	2720.0
48	Spectrogram 1	1	22465.9091703524	22466.1777979632	564.693676958342	2300.14822157229	2721.0
49	Spectrogram 1	1	22466.3970176136	22466.6657845367	482.052984357678	2217.50752897163	2722.0
50	Spectrogram 1	1	22466.8843649927	22467.1740887165	696.918785119405	2267.09194453203	2723.0
51	Spectrogram 1	1	22467.4317579477	22467.6343601662	614.278092518741	2316.67636009243	2724.0
52	Spectrogram 1	1	22467.8791228883	22468.1639765147	630.806231038874	2200.9793904515	2725.0
53	Spectrogram 1	1	22468.4159802826	22468.716834626	647.334369559006	2349.73263713269	2726.0
54	Spectrogram 1	1	22468.9415271612	22469.2994673642	630.806231038874	2217.50752897163	2727.0
55	Spectrogram 1	1	22481.7245913261	22481.9010887499	581.221815478475	2151.3949748911	2728.0
56	Spectrogram 1	1	22482.0604798533	22482.3695558538	680.390646599272	2118.33869785083	2729.0
57	Spectrogram 1	1	22482.5302974775	22482.8566750822	647.334369559006	2118.33869785083	2730.0
58	Spectrogram 1	1	22483.0245349545	22483.3414712016	746.503200679804	2118.33869785083	2731.0
59	Spectrogram 1	1	22483.5191612212	22483.840343201	713.446923639538	2151.3949748911	2732.0
60	Spectrogram 1	1	22484.0258794906	22484.3321896286	614.278092518741	2151.3949748911	2733.0
61	Spectrogram 1	1	22484.5050113016	22484.8221269986	614.278092518741	2134.86683637097	2734.0
62	Spectrogram 1	1	22494.3104142747	22494.5032048559	729.975062159671	2118.33869785083	2735.0
63	Spectrogram 1	1	22494.6771613508	22494.9203011489	630.806231038874	2283.62008305216	2736.0
64	Spectrogram 1	1	22495.1428821183	22495.425439434	663.862508079139	2316.67636009243	2737.0
65	Spectrogram 1	1	22495.6457020695	22495.9563173141	597.749953998608	2200.9793904515	2738.0
66	Spectrogram 1	1	22496.1440114493	22496.4276973104	630.806231038874	2200.9793904515	2739.0
67	Spectrogram 1	1	22504.8525093128	22505.0899754792	746.503200679804	2200.9793904515	2740.0
68	Spectrogram 1	1	22505.1866075431	22505.4988449406	614.278092518741	2234.03566749176	2741.0
69	Spectrogram 1	1	22505.6577035605	22505.9864906953	746.503200679804	2184.45125193136	2742.0
70	Spectrogram 1	1	22506.1731129019	22506.5473228493	597.749953998608	2217.50752897163	2743.0
71	Spectrogram 1	1	22506.6986942319	22507.0569605963	614.278092518741	2134.86683637097	2744.0
72	Spectrogram 1	1	22507.2169183359	22507.5348362159	581.221815478475	2167.92311341123	2745.0
73	Spectrogram 1	1	22510.343595244	22510.5573646794	564.693676958342	2267.09194453203	2746.0
74	Spectrogram 1	1	22510.7314291527	22511.0322635277	630.806231038874	2200.9793904515	2747.0
75	Spectrogram 1	1	22511.2147591257	22511.607759748	548.165538438209	2234.03566749176	2748.0
76	Spectrogram 1	1	22511.7079029592	22512.0550485082	614.278092518741	2234.03566749176	2749.0
77	Spectrogram 1	1	22518.6692438193	22518.8244021513	746.503200679804	2085.28242081057	2750.0
78	Spectrogram 1	1	22519.0452978409	22519.2778769511	581.221815478475	2151.3949748911	2751.0
79	Spectrogram 1	1	22519.5035714588	22519.7895479212	614.278092518741	2200.9793904515	2752.0
80	Spectrogram 1	1	22520.0157743485	22520.3402860843	581.221815478475	2068.75428229043	2753.0
81	Spectrogram 1	1	22520.5096648757	22520.7617568543	647.334369559006	2184.45125193136	2754.0
82	Spectrogram 1	1	22521.040488768	22521.4452897492	647.334369559006	2250.5638060119	2755.0
83	Spectrogram 1	1	22559.9079500876	22560.3064194145	581.221815478475	3374.47722538093	2756.0
84	Spectrogram 1	1	22560.6366168904	22560.9204013916	548.165538438209	2465.42960677362	2757.0
85	Spectrogram 1	1	22561.4162937964	22561.7102370975	680.390646599272	2366.26077565283	2758.0
86	Spectrogram 1	1	22562.1695377374	22562.4600647755	515.109261397944	2283.62008305216	2759.0
87	Spectrogram 1	1	22562.9645696608	22563.2804222046	746.503200679804	2432.37332973336	2760.0
88	Spectrogram 1	1	22563.8604649128	22564.2220023551	713.446923639538	2234.03566749176	2761.0
89	Spectrogram 1	1	22590.6314962298	22590.9484324769	531.637399918076	2366.26077565283	2762.0
90	Spectrogram 1	1	22591.3711592176	22591.6959931711	647.334369559006	2382.78891417296	2763.0
91	Spectrogram 1	1	22592.1721154609	22592.5000367169	564.693676958342	2399.31705269309	2764.0
92	Spectrogram 1	1	22592.9963876579	22593.3332917631	581.221815478475	2316.67636009243	2765.0
93	Spectrogram 1	1	22616.3430526076	22616.597801277	531.637399918076	2663.76726901522	2766.0
94	Spectrogram 1	1	22617.3234177253	22617.6021802822	482.052984357678	2696.82354605548	2767.0
95	Spectrogram 1	1	22617.9598360028	22618.3283115971	597.749953998608	2762.93610013602	2768.0
96	Spectrogram 1	1	22618.9290542631	22619.2940534336	581.221815478475	2465.42960677362	2769.0
97	Spectrogram 1	1	22661.7054332587	22662.0311845518	630.806231038874	2316.67636009243	2770.0
98	Spectrogram 1	1	22662.4558039865	22662.8156186876	647.334369559006	2217.50752897163	2771.0
99	Spectrogram 1	1	22663.2183569249	22663.5744310082	630.806231038874	2250.5638060119	2772.0
100	Spectrogram 1	1	22663.9872321325	22664.3338850506	597.749953998608	2200.9793904515	2773.0
101	Spectrogram 1	1	22664.7607178524	22665.1001803212	663.862508079139	2267.09194453203	2774.0
102	Spectrogram 1	1	22716.4760103843	22716.7960643679	729.975062159671	2184.45125193136	2775.0
103	Spectrogram 1	1	22717.2082335974	22717.5984816698	680.390646599272	2267.09194453203	2776.0
104	Spectrogram 1	1	22717.9931441791	22718.3315064808	581.221815478475	2333.20449861256	2777.0
105	Spectrogram 1	1	22718.7531949185	22719.1373445434	581.221815478475	2184.45125193136	2778.0
106	Spectrogram 1	1	22719.7091261919	22720.042087248	564.693676958342	2118.33869785083	2779.0
107	Spectrogram 1	1	22743.9192272165	22744.2729880987	647.334369559006	2134.86683637097	2780.0
108	Spectrogram 1	1	22744.6995222016	22745.0613162674	647.334369559006	2167.92311341123	2781.0
109	Spectrogram 1	1	22745.4825469332	22745.7852665209	680.390646599272	2200.9793904515	2782.0
110	Spectrogram 1	1	22746.2554146821	22746.6708510456	647.334369559006	2167.92311341123	2783.0
111	Spectrogram 1	1	22838.6485160294	22838.9895828377	630.806231038874	2200.9793904515	2784.0
112	Spectrogram 1	1	22839.4359298909	22839.7174814424	614.278092518741	2184.45125193136	2785.0
113	Spectrogram 1	1	22840.2511271692	22840.5784468888	614.278092518741	2151.3949748911	2786.0
114	Spectrogram 1	1	22841.045554763	22841.3884778083	614.278092518741	2184.45125193136	2787.0
115	Spectrogram 1	1	22851.6654569802	22851.9412713791	663.862508079139	2184.45125193136	2788.0
116	Spectrogram 1	1	22852.4180090709	22852.7283555706	531.637399918076	2184.45125193136	2789.0
117	Spectrogram 1	1	22853.1987226809	22853.5063572014	630.806231038874	2234.03566749176	2790.0
118	Spectrogram 1	1	22910.7087379793	22911.0475892826	696.918785119405	2217.50752897163	2791.0
119	Spectrogram 1	1	22911.5231479007	22911.9118170014	564.693676958342	2217.50752897163	2792.0
120	Spectrogram 1	1	22927.0875682354	22927.5120622615	647.334369559006	2316.67636009243	2793.0
121	Spectrogram 1	1	22927.8859288674	22928.1532141917	696.918785119405	2250.5638060119	2794.0
122	Spectrogram 1	1	22928.69833232	22928.9844718373	647.334369559006	2217.50752897163	2795.0
123	Spectrogram 1	1	22929.5161088323	22929.8956329053	647.334369559006	2184.45125193136	2796.0
124	Spectrogram 1	1	22956.776902733	22957.0646954564	614.278092518741	2250.5638060119	2797.0
125	Spectrogram 1	1	22957.5704753741	22957.9153692149	614.278092518741	2234.03566749176	2798.0
126	Spectrogram 1	1	22958.3378059868	22958.7314570468	647.334369559006	2250.5638060119	2799.0
127	Spectrogram 1	1	22959.156162245	22959.5156445415	647.334369559006	2184.45125193136	2800.0
128	Spectrogram 1	1	22995.793113978	22996.0895206816	597.749953998608	2151.3949748911	2801.0
129	Spectrogram 1	1	22996.602018242	22996.883259103	696.918785119405	2068.75428229043	2802.0
130	Spectrogram 1	1	22997.3716316636	22997.7011964785	597.749953998608	2167.92311341123	2803.0
131	Spectrogram 1	1	22998.2302888446	22998.3545551318	630.806231038874	2217.50752897163	2804.0
132	Spectrogram 1	1	22999.0438341345	22999.3107854409	614.278092518741	2151.3949748911	2805.0
133	Spectrogram 1	1	23022.3749043895	23022.6887658206	564.693676958342	2134.86683637097	2806.0
134	Spectrogram 1	1	23023.1399860139	23023.4555580596	597.749953998608	2167.92311341123	2807.0
135	Spectrogram 1	1	23023.9502041649	23024.2812127235	663.862508079139	2151.3949748911	2808.0
136	Spectrogram 1	1	23024.7960081011	23025.1052573083	597.749953998608	2101.8105593307	2809.0
137	Spectrogram 1	1	23120.4569638472	23120.8044899674	680.390646599272	2267.09194453203	2810.0
138	Spectrogram 1	1	23121.2641198652	23121.5657346733	696.918785119405	2184.45125193136	2811.0
139	Spectrogram 1	1	23122.0762412696	23122.4310658712	663.862508079139	2068.75428229043	2812.0
140	Spectrogram 1	1	23122.8624295769	23123.1694389092	696.918785119405	2118.33869785083	2813.0
141	Spectrogram 1	1	23214.0047687084	23214.2954479918	696.918785119405	2101.8105593307	2814.0
142	Spectrogram 1	1	23214.7919595249	23215.2247574023	663.862508079139	2068.75428229043	2815.0
143	Spectrogram 1	1	23215.6512363628	23215.9843282941	614.278092518741	2035.69800525017	2816.0
144	Spectrogram 1	1	23216.4936918896	23216.8573529986	630.806231038874	2234.03566749176	2817.0
145	Spectrogram 1	1	23217.3209263314	23217.6638493767	663.862508079139	2101.8105593307	2818.0
146	Spectrogram 1	1	23250.8363367482	23251.1548104033	663.862508079139	2118.33869785083	2819.0
147	Spectrogram 1	1	23251.6243631971	23251.9443742602	647.334369559006	2101.8105593307	2820.0
148	Spectrogram 1	1	23252.416358853	23252.7240706521	614.278092518741	2085.28242081057	2821.0
149	Spectrogram 1	1	23253.2611536862	23253.5751820807	597.749953998608	2184.45125193136	2822.0
150	Spectrogram 1	1	23340.1121273132	23340.4336757843	515.109261397944	2167.92311341123	2823.0
151	Spectrogram 1	1	23340.9444872201	23341.2521990192	531.637399918076	2101.8105593307	2824.0
152	Spectrogram 1	1	23341.7342468985	23342.0557953696	663.862508079139	2134.86683637097	2825.0
153	Spectrogram 1	1	23342.5500199209	23342.8733102231	630.806231038874	2101.8105593307	2826.0
154	Spectrogram 1	1	23353.6542767811	23353.9636742217	630.806231038874	2101.8105593307	2827.0
155	Spectrogram 1	1	23354.4307524818	23354.7416935737	630.806231038874	2101.8105593307	2828.0
156	Spectrogram 1	1	23355.2309402491	23355.5505707764	581.221815478475	2101.8105593307	2829.0
157	Spectrogram 1	1	23621.1172935445	23621.4403794236	630.806231038874	2167.92311341123	2830.0
158	Spectrogram 1	1	23621.8829574429	23622.19989369	597.749953998608	2184.45125193136	2831.0
159	Spectrogram 1	1	23622.6751489203	23622.9905477594	564.693676958342	2217.50752897163	2832.0
160	Spectrogram 1	1	23623.4910445346	23623.8141304137	548.165538438209	2151.3949748911	2833.0
161	Spectrogram 1	1	23624.3063703615	23624.6265733611	647.334369559006	2118.33869785083	2834.0
162	Spectrogram 1	1	23625.1265768796	23625.4436925766	614.278092518741	2134.86683637097	2835.0
163	Spectrogram 1	1	23648.370478993	23648.6922256439	713.446923639538	2134.86683637097	2836.0
164	Spectrogram 1	1	23649.1953164649	23649.5139758132	647.334369559006	2167.92311341123	2837.0
165	Spectrogram 1	1	23650.0107648838	23650.3340551859	564.693676958342	2134.86683637097	2838.0
166	Spectrogram 1	1	23659.0269311496	23659.3423299887	663.862508079139	2118.33869785083	2839.0
167	Spectrogram 1	1	23659.807717754	23660.1246540011	647.334369559006	2151.3949748911	2840.0
168	Spectrogram 1	1	23660.6352798069	23660.9657705012	630.806231038874	2217.50752897163	2841.0
