Selection	View	Channel	Begin Time (s)	End Time (s)	Low Freq (Hz)	High Freq (Hz)	Annotation
1	Spectrogram 1	1	969.752739796593	970.427165284522	564.693676958342	2399.31705269309	749_970_1
2	Spectrogram 1	1	976.08933778229	976.687026437103	647.334369559006	2481.95774529376	749_975_1
3	Spectrogram 1	1	978.784729987429	979.100032814369	729.975062159671	2250.5638060119	749_975_2
4	Spectrogram 1	1	980.485619757275	980.810654779056	680.390646599272	2200.9793904515	749_980_1
5	Spectrogram 1	1	988.344833360549	988.657301695842	448.996707317412	2101.8105593307	749_985_1
6	Spectrogram 1	1	998.082786803306	998.417861121334	465.524845837545	2366.26077565283	749_995_1
7	Spectrogram 1	1	1003.68940528704	1003.96352564012	548.165538438209	2234.03566749176	749_1000_1
8	Spectrogram 1	1	1009.66624102366	1010.0258102012	498.58112287781	2200.9793904515	749_1005_1
9	Spectrogram 1	1	1022.75517994592	1023.17455122852	548.165538438209	2184.45125193136	749_1020_1
10	Spectrogram 1	1	1036.47157045026	1036.84828599897	597.749953998608	2465.42960677362	749_1035_1
11	Spectrogram 1	1	1050.07757059506	1050.40073600372	531.637399918076	2515.01402233402	749_1050_1
12	Spectrogram 1	1	1055.98825159246	1056.3719008848	531.637399918076	2234.03566749176	749_1055_1
13	Spectrogram 1	1	1187.18942015099	1187.79207192745	696.918785119405	2630.71099197495	749_1185_1
14	Spectrogram 1	1	1512.51297103278	1512.93115719866	531.637399918076	2382.78891417296	749_1510_1
15	Spectrogram 1	1	1513.42080787924	1513.81193441179	482.052984357678	2448.90146825349	749_1510_2
16	Spectrogram 1	1	1514.35634643207	1514.75195825477	415.940430277146	2448.90146825349	749_1510_3
17	Spectrogram 1	1	1558.96225695566	1559.40808667733	515.109261397944	2895.16120829708	749_1555_1
18	Spectrogram 1	1	1701.61426949591	1702.23354435036	515.109261397944	2498.48588381389	749_1700_1
19	Spectrogram 1	1	1845.39023378908	1845.94620789812	432.468568797279	2432.37332973336	749_1845_1
20	Spectrogram 1	1	1896.06898322779	1896.46986079655	465.524845837545	2283.62008305216	749_1895_1
21	Spectrogram 1	1	1906.22207727835	1906.66520633196	448.996707317412	2448.90146825349	749_1905_1
22	Spectrogram 1	1	1909.39164183295	1909.84401714481	581.221815478475	2548.07029937429	749_1905_2
23	Spectrogram 1	1	1910.11434997985	1910.3752826657	581.221815478475	2498.48588381389	749_1910_1
24	Spectrogram 1	1	1913.76658737692	1914.04697926089	415.940430277146	2498.48588381389	749_1910_2
25	Spectrogram 1	1	1914.61358750027	1914.93492536377	465.524845837545	2448.90146825349	749_1910_3
26	Spectrogram 1	1	1927.00719747184	1927.41308774381	366.356014716747	2382.78891417296	749_1925_1
27	Spectrogram 1	1	1927.89007074215	1928.28439775868	399.412291757013	2333.20449861256	749_1925_2
28	Spectrogram 1	1	1939.57136410378	1939.97977678142	564.693676958342	2399.31705269309	749_1935_1
29	Spectrogram 1	1	1940.45701380526	1940.86014220801	614.278092518741	2432.37332973336	749_1940_1
30	Spectrogram 1	1	1946.6030834125	1946.98913403224	564.693676958342	2515.01402233402	749_1945_1
31	Spectrogram 1	1	1974.99794146007	1975.41051149331	399.412291757013	2349.73263713269	749_1975_1
32	Spectrogram 1	1	1975.90179367254	1976.31025355683	366.356014716747	2217.50752897163	749_1975_2
33	Spectrogram 1	1	1993.5827504131	1993.97579262347	366.356014716747	2531.54216085416	749_1990_1
34	Spectrogram 1	1	1994.60997472899	1994.99600607396	482.052984357678	2333.20449861256	749_1990_2
35	Spectrogram 1	1	2048.96232072698	2049.35185583949	415.940430277146	2415.84519121323	749_2045_1
36	Spectrogram 1	1	2049.89088835158	2050.18240262385	448.996707317412	2333.20449861256	749_2050_1
37	Spectrogram 1	1	2065.90584829986	2066.34642833814	531.637399918076	2382.78891417296	749_2065_1
38	Spectrogram 1	1	2076.68779961061	2077.11919983821	498.58112287781	2432.37332973336	749_2075_1
39	Spectrogram 1	1	2096.07783188676	2096.47685683831	548.165538438209	2515.01402233402	749_2095_1
40	Spectrogram 1	1	2096.98998195302	2097.38138965775	531.637399918076	2515.01402233402	749_2095_2
41	Spectrogram 1	1	2132.50154877403	2132.92541668827	564.693676958342	2498.48588381389	749_2130_1
42	Spectrogram 1	1	2204.49492238737	2204.96123747294	564.693676958342	2515.01402233402	749_2200_1
43	Spectrogram 1	1	2205.37535624476	2205.83501454651	630.806231038874	2481.95774529376	749_2205_1
44	Spectrogram 1	1	2298.04833202644	2298.4445570769	647.334369559006	2597.65471493469	749_2295_1
45	Spectrogram 1	1	2298.89495055922	2299.289604543	581.221815478475	2564.59843789442	749_2295_2
46	Spectrogram 1	1	2311.60112218234	2312.0499584474	581.221815478475	2515.01402233402	749_2310_1
47	Spectrogram 1	1	2381.87985572181	2382.23180749831	614.278092518741	2134.86683637097	749_2380_1
48	Spectrogram 1	1	2384.35201469198	2384.87393634164	663.862508079139	2531.54216085416	749_2380_2
49	Spectrogram 1	1	2387.65879483179	2387.94867559537	448.996707317412	2382.78891417296	749_2385_1
50	Spectrogram 1	1	2390.23113651128	2390.60017555501	630.806231038874	2696.82354605548	749_2390_1
51	Spectrogram 1	1	2396.52540506363	2396.90530545159	498.58112287781	2184.45125193136	749_2395_1
52	Spectrogram 1	1	2417.33735362993	2417.73930700451	548.165538438209	2415.84519121323	749_2415_1
53	Spectrogram 1	1	2622.38199024441	2622.715871588	465.524845837545	2845.57679273668	749_2620_1
54	Spectrogram 1	1	2719.80569677219	2719.93393699245	448.996707317412	2481.95774529376	749_2720_1
55	Spectrogram 1	1	2742.68798885478	2743.08612374316	448.996707317412	2399.31705269309	749_2740_1
56	Spectrogram 1	1	2752.12470272903	2752.52017572272	482.052984357678	2399.31705269309	749_2750_1
57	Spectrogram 1	1	2810.95873285148	2811.31531097823	548.165538438209	2316.67636009243	749_2810_1
58	Spectrogram 1	1	3209.69307829087	3209.96757452491	581.221815478475	2762.93610013602	749_3205_1
59	Spectrogram 1	1	3210.14179524868	3210.40442352381	498.58112287781	2564.59843789442	749_3210_1
60	Spectrogram 1	1	3210.64054174005	3210.86582364472	465.524845837545	2630.71099197495	749_3210_2
61	Spectrogram 1	1	3211.15909049596	3211.37971583129	432.468568797279	2729.87982309575	749_3210_3
62	Spectrogram 1	1	3647.39006218186	3647.51011106096	597.749953998608	1903.47289708911	749_3645_1
63	Spectrogram 1	1	3648.69267078275	3648.80869690311	531.637399918076	2234.03566749176	749_3645_2
64	Spectrogram 1	1	3681.09139574151	3681.27231413382	531.637399918076	2382.78891417296	749_3680_1
65	Spectrogram 1	1	3780.08681487949	3780.40470203772	482.052984357678	2316.67636009243	749_3780_1
66	Spectrogram 1	1	3780.68382950613	3781.01033293442	581.221815478475	2167.92311341123	749_3780_2
67	Spectrogram 1	1	3781.27438296186	3781.60055364952	564.693676958342	2316.67636009243	749_3780_3
68	Spectrogram 1	1	3793.14408442255	3793.4472704562	548.165538438209	2134.86683637097	749_3790_1
69	Spectrogram 1	1	3793.73877246097	3794.04555757088	515.109261397944	2184.45125193136	749_3790_2
70	Spectrogram 1	1	3797.17953202259	3797.47447840773	746.503200679804	2316.67636009243	749_3795_1
71	Spectrogram 1	1	3797.7620218601	3798.10959650101	614.278092518741	2200.9793904515	749_3795_2
72	Spectrogram 1	1	3805.75098234648	3805.91400993732	779.55947772007	2217.50752897163	749_3805_1
73	Spectrogram 1	1	3815.99890058763	3816.25321949614	515.109261397944	2399.31705269309	749_3815_1
74	Spectrogram 1	1	3816.59293401603	3816.71980662958	630.806231038874	2333.20449861256	749_3815_2
75	Spectrogram 1	1	3825.80766277638	3826.01949958657	713.446923639538	2498.48588381389	749_3825_1
76	Spectrogram 1	1	3826.39286291842	3826.5513711371	548.165538438209	2316.67636009243	749_3825_2
77	Spectrogram 1	1	3841.50406682113	3841.69692226824	597.749953998608	2267.09194453203	749_3840_1
78	Spectrogram 1	1	3842.11232943496	3842.26179890931	630.806231038874	2151.3949748911	749_3840_2
79	Spectrogram 1	1	3842.67963839509	3842.87236728996	696.918785119405	2234.03566749176	749_3840_3
80	Spectrogram 1	1	3862.25726769852	3862.48537424849	597.749953998608	2217.50752897163	749_3860_1
81	Spectrogram 1	1	3862.84197137573	3863.00680671544	564.693676958342	2118.33869785083	749_3860_2
82	Spectrogram 1	1	3863.42586023374	3863.62233117858	597.749953998608	2200.9793904515	749_3860_3
83	Spectrogram 1	1	3883.68350390992	3883.97310727378	614.278092518741	2349.73263713269	749_3880_1
84	Spectrogram 1	1	3884.2706200436	3884.55983116098	581.221815478475	2333.20449861256	749_3880_2
85	Spectrogram 1	1	3884.83096103567	3885.1388409608	498.58112287781	2250.5638060119	749_3880_3
86	Spectrogram 1	1	3904.82189553836	3905.09452128503	465.524845837545	2217.50752897163	749_3900_1
87	Spectrogram 1	1	3905.40598617718	3905.71431465512	482.052984357678	2234.03566749176	749_3905_1
88	Spectrogram 1	1	3906.00573119238	3906.32242351557	415.940430277146	2300.14822157229	749_3905_2
89	Spectrogram 1	1	3906.60451819041	3906.96236769287	630.806231038874	2432.37332973336	749_3905_3
90	Spectrogram 1	1	3929.96334869176	3930.15168476671	680.390646599272	2250.5638060119	749_3930_1
91	Spectrogram 1	1	3930.55836977588	3930.75019017056	680.390646599272	2333.20449861256	749_3930_2
92	Spectrogram 1	1	3931.19639935241	3931.40003024965	581.221815478475	2283.62008305216	749_3930_3
93	Spectrogram 1	1	3969.13488766669	3969.29249201094	663.862508079139	2382.78891417296	749_3965_1
94	Spectrogram 1	1	3969.73667940923	3969.94218909839	515.109261397944	2399.31705269309	749_3965_2
95	Spectrogram 1	1	3970.3461735225	3970.52004760653	564.693676958342	2448.90146825349	749_3970_1
96	Spectrogram 1	1	3999.16739397684	3999.44866749483	498.58112287781	2234.03566749176	749_3995_1
97	Spectrogram 1	1	3999.76347654324	4000.05974182468	531.637399918076	2333.20449861256	749_3995_2
98	Spectrogram 1	1	4012.52848338136	4012.87642566789	630.806231038874	2234.03566749176	749_4010_1
99	Spectrogram 1	1	4013.13758210346	4013.48879086582	432.468568797279	2300.14822157229	749_4010_2
100	Spectrogram 1	1	4028.57481585886	4028.87478049156	597.749953998608	2200.9793904515	749_4025_1
101	Spectrogram 1	1	4029.16091372998	4029.45810130318	548.165538438209	2300.14822157229	749_4025_2
102	Spectrogram 1	1	4029.77518087828	4030.07450753484	581.221815478475	2333.20449861256	749_4025_3
103	Spectrogram 1	1	4051.48560079423	4051.79958405667	515.109261397944	2267.09194453203	749_4050_1
104	Spectrogram 1	1	4052.07096893259	4052.38495219503	548.165538438209	2316.67636009243	749_4050_2
105	Spectrogram 1	1	4052.70025282154	4053.00866983346	415.940430277146	2316.67636009243	749_4050_3
106	Spectrogram 1	1	4074.58286322429	4074.87484654412	531.637399918076	2366.26077565283	749_4070_1
107	Spectrogram 1	1	4075.17793152853	4075.50511140394	531.637399918076	2283.62008305216	749_4075_1
108	Spectrogram 1	1	4075.80758408917	4076.13770480074	515.109261397944	2250.5638060119	749_4075_2
109	Spectrogram 1	1	4098.02947728651	4098.22052498476	597.749953998608	2333.20449861256	749_4095_1
110	Spectrogram 1	1	4098.63736498155	4098.81283237268	498.58112287781	2200.9793904515	749_4095_2
111	Spectrogram 1	1	4099.23461726685	4099.39100615384	564.693676958342	2300.14822157229	749_4095_3
112	Spectrogram 1	1	4114.62958481422	4114.95044683851	564.693676958342	2465.42960677362	749_4110_1
113	Spectrogram 1	1	4115.23656494197	4115.55288200172	614.278092518741	2250.5638060119	749_4115_1
114	Spectrogram 1	1	4153.09187698971	4153.39423129248	548.165538438209	2316.67636009243	749_4150_1
115	Spectrogram 1	1	4153.68513229433	4153.99234354516	432.468568797279	2399.31705269309	749_4150_2
116	Spectrogram 1	1	4964.76484340769	4965.17775559879	581.221815478475	3110.02700905881	749_4960_1
117	Spectrogram 1	1	4965.6241679	4966.00898847338	581.221815478475	2812.52051569641	749_4965_1
118	Spectrogram 1	1	6660.43775572915	6660.57680036967	531.637399918076	2267.09194453203	749_6660_1
119	Spectrogram 1	1	6660.95819889065	6661.05253202463	663.862508079139	2366.26077565283	749_6660_2
120	Spectrogram 1	1	6661.51089040698	6661.5645491915	647.334369559006	2415.84519121323	749_6660_3
121	Spectrogram 1	1	6661.99509292441	6662.10027255158	548.165538438209	2283.62008305216	749_6660_4
122	Spectrogram 1	1	6662.5382563177	6662.65194569542	531.637399918076	2283.62008305216	749_6660_5
123	Spectrogram 1	1	6680.1708562428	6680.31490247056	614.278092518741	2333.20449861256	749_6680_1
124	Spectrogram 1	1	6681.45152920763	6681.54586234161	647.334369559006	2779.46423865615	749_6680_4
125	Spectrogram 1	1	6681.93502980227	6681.99682345668	895.256447361	2333.20449861256	749_6680_2
126	Spectrogram 1	1	6682.33424077554	6682.42767003509	630.806231038874	2548.07029937429	749_6680_3
127	Spectrogram 1	1	6682.92772304407	6682.98228570302	614.278092518741	2680.29540753535	749_6680_5
128	Spectrogram 1	1	6711.38791678437	6711.50806173383	531.637399918076	2448.90146825349	749_6710_1
129	Spectrogram 1	1	6724.06451052257	6724.17547439971	366.356014716747	2118.33869785083	749_6720_1
130	Spectrogram 1	1	6724.58300048505	6724.66852635667	531.637399918076	2481.95774529376	749_6720_2
131	Spectrogram 1	1	7600.44924255531	7600.5969042808	482.052984357678	2333.20449861256	749_7600_1
132	Spectrogram 1	1	7611.53098309097	7611.7073589823	465.524845837545	2283.62008305216	749_7610_1
133	Spectrogram 1	1	7613.50598319751	7613.65454879743	382.88415323688	1920.00103560924	749_7610_2
134	Spectrogram 1	1	7686.95363110327	7687.15100592254	597.749953998608	2267.09194453203	749_7685_1
135	Spectrogram 1	1	7804.8410488712	7805.06939631832	515.109261397944	2349.73263713269	749_7805_1
136	Spectrogram 1	1	7809.35207417714	7809.55396836858	597.749953998608	2118.33869785083	749_7805_2
137	Spectrogram 1	1	7825.75915509157	7825.92553748072	515.109261397944	2283.62008305216	749_7825_1
138	Spectrogram 1	1	7830.56055935443	7830.72087532198	515.109261397944	2415.84519121323	749_7830_1
139	Spectrogram 1	1	7893.34167392097	7893.71050389172	515.109261397944	2399.31705269309	749_7890_1
140	Spectrogram 1	1	8064.9286522551	8065.1242193255	515.109261397944	2267.09194453203	749_8065_1
141	Spectrogram 1	1	8075.51301491112	8075.67848880008	531.637399918076	2581.12657641455	749_8075_1
142	Spectrogram 1	1	8103.48542689105	8103.73432255297	581.221815478475	2002.6417282099	749_8100_1
143	Spectrogram 1	1	8105.61382974457	8105.80397356839	448.996707317412	1870.41662004884	749_8105_1
144	Spectrogram 1	1	8109.18524260327	8109.35344199282	548.165538438209	2151.3949748911	749_8105_2
145	Spectrogram 1	1	8120.40269233409	8120.59942336384	448.996707317412	2283.62008305216	749_8120_1
146	Spectrogram 1	1	8124.55873605512	8124.72176364596	581.221815478475	2250.5638060119	749_8120_2
147	Spectrogram 1	1	8130.27060078474	8130.49961120915	531.637399918076	2267.09194453203	749_8130_1
148	Spectrogram 1	1	8169.14716184666	8169.30386231648	382.88415323688	2068.75428229043	749_8165_1
149	Spectrogram 1	1	8185.96423149849	8186.10375835409	465.524845837545	2316.67636009243	749_8185_1
150	Spectrogram 1	1	8197.03571018185	8197.38484111375	482.052984357678	2002.6417282099	749_8195_1
151	Spectrogram 1	1	8208.90607668569	8209.23065656029	498.58112287781	1936.52917412937	749_8205_1
152	Spectrogram 1	1	8252.08999736437	8252.45739580512	432.468568797279	2267.09194453203	749_8250_1
153	Spectrogram 1	1	8258.39489569755	8258.57509690261	515.109261397944	2432.37332973336	749_8255_1
154	Spectrogram 1	1	8264.99711015904	8265.2570680685	498.58112287781	2283.62008305216	749_8265_1
155	Spectrogram 1	1	8283.86542369575	8284.02664353773	465.524845837545	1804.30406596831	749_8280_1
156	Spectrogram 1	1	8294.23161118587	8294.43524208311	465.524845837545	1820.83220448844	749_8290_1
157	Spectrogram 1	1	8300.98901241356	8301.19627731159	366.356014716747	2366.26077565283	749_8300_1
158	Spectrogram 1	1	8311.27232926453	8311.44710722299	415.940430277146	2002.6417282099	749_8310_1
159	Spectrogram 1	1	8316.74120074806	8316.91848513958	333.299737676482	2068.75428229043	749_8315_1
160	Spectrogram 1	1	8324.62710865127	8324.80730985633	415.940430277146	2432.37332973336	749_8320_1
161	Spectrogram 1	1	8327.14568373373	8327.32950043652	399.412291757013	2101.8105593307	749_8325_1
162	Spectrogram 1	1	8335.83953751864	8336.20489586458	415.940430277146	2134.86683637097	749_8335_1
163	Spectrogram 1	1	8339.52311043715	8339.85136951553	316.771599156349	2085.28242081057	749_8335_2
164	Spectrogram 1	1	8362.15278275966	8362.52053282464	548.165538438209	1953.0573126495	749_8360_1
165	Spectrogram 1	1	8372.90259919584	8373.2488782367	482.052984357678	2035.69800525017	749_8370_1
166	Spectrogram 1	1	8380.81918033851	8381.01926678108	448.996707317412	2052.2261437703	749_8380_1
167	Spectrogram 1	1	8387.04827628219	8387.37897481589	498.58112287781	2052.2261437703	749_8385_1
168	Spectrogram 1	1	8390.54624362038	8390.82891403477	465.524845837545	2085.28242081057	749_8390_1
169	Spectrogram 1	1	8393.14714927294	8393.39648917193	498.58112287781	1969.58545116964	749_8390_2
170	Spectrogram 1	1	8403.93729480118	8404.12095624193	349.827876196615	2068.75428229043	749_8400_1
171	Spectrogram 1	1	8409.22977996943	8409.66240601443	498.58112287781	2200.9793904515	749_8405_1
172	Spectrogram 1	1	8418.88832824337	8419.07469763686	283.715322116083	1986.11358968977	749_8415_1
173	Spectrogram 1	1	8428.73404354867	8428.93412999124	349.827876196615	2085.28242081057	749_8425_1
174	Spectrogram 1	1	8443.52601218529	8443.76496522845	448.996707317412	2382.78891417296	749_8440_1
175	Spectrogram 1	1	8450.42221187124	8450.55902710354	482.052984357678	2316.67636009243	749_8450_1
176	Spectrogram 1	1	8454.23440683156	8454.43076972722	366.356014716747	1986.11358968977	749_8450_2
177	Spectrogram 1	1	8457.1834136544	8457.40428920892	515.109261397944	1920.00103560924	749_8455_1
178	Spectrogram 1	1	8459.94346345425	8460.11824141271	548.165538438209	2333.20449861256	749_8460_1
179	Spectrogram 1	1	8473.31707694747	8473.52981763209	448.996707317412	2267.09194453203	749_8470_1
180	Spectrogram 1	1	8478.32844725301	8478.5068407092	134.962075434887	2267.09194453203	749_8475_1
181	Spectrogram 1	1	8483.06329719627	8483.22361316381	415.940430277146	2118.33869785083	749_8480_1
182	Spectrogram 1	1	8486.57331243786	8486.81768872761	515.109261397944	2200.9793904515	749_8485_1
183	Spectrogram 1	1	8512.43704614901	8512.65069070807	184.546490995286	2118.33869785083	749_8510_1
184	Spectrogram 1	1	8878.8111374131	8879.00659180856	415.940430277146	1837.36034300857	749_8875_1
185	Spectrogram 1	1	8887.82689651724	8887.99444348025	432.468568797279	2101.8105593307	749_8885_1
186	Spectrogram 1	1	8892.32063036884	8892.53970576943	482.052984357678	1771.24778892804	749_8890_1
187	Spectrogram 1	1	8894.67967711861	8894.85807057481	399.412291757013	2250.5638060119	749_8890_2
188	Spectrogram 1	1	8899.9619483525	8900.15028442745	399.412291757013	2068.75428229043	749_8900_1
189	Spectrogram 1	1	8908.12012488276	8908.34823143274	349.827876196615	2531.54216085416	749_8905_1
190	Spectrogram 1	1	8912.85083551594	8913.0590568284	465.524845837545	2118.33869785083	749_8910_1
191	Spectrogram 1	1	8925.93000417913	8926.15268748251	482.052984357678	2349.73263713269	749_8925_1
192	Spectrogram 1	1	8934.62349315354	8934.831714466	564.693676958342	2349.73263713269	749_8930_1
193	Spectrogram 1	1	8947.21117010247	8947.38323643763	432.468568797279	2035.69800525017	749_8945_1
194	Spectrogram 1	1	8952.83707194149	8953.02811963974	465.524845837545	2382.78891417296	749_8950_1
195	Spectrogram 1	1	8955.02320635593	8955.18261844905	432.468568797279	2134.86683637097	749_8955_1
196	Spectrogram 1	1	9012.57142892625	9012.66033881363	548.165538438209	2481.95774529376	749_9010_1
197	Spectrogram 1	1	9014.05983874128	9014.21473146223	415.940430277146	2498.48588381389	749_9010_2
198	Spectrogram 1	1	9073.02895347417	9073.22542441901	415.940430277146	2515.01402233402	749_9070_1
199	Spectrogram 1	1	9090.21860628253	9090.52065278656	548.165538438209	2250.5638060119	749_9090_1
200	Spectrogram 1	1	10954.4314347594	10954.9878875003	465.524845837545	2729.87982309575	749_10950_1
201	Spectrogram 1	1	10955.2366451303	10955.6952124548	548.165538438209	2531.54216085416	749_10955_1
202	Spectrogram 1	1	10956.0058851525	10956.4374108569	597.749953998608	2696.82354605548	749_10955_2
203	Spectrogram 1	1	10988.2958551131	10988.4632904372	432.468568797279	2184.45125193136	749_10985_1
204	Spectrogram 1	1	11220.0913885923	11220.3847675321	399.412291757013	1903.47289708911	749_11220_1
205	Spectrogram 1	1	11229.1378124054	11229.2895468178	465.524845837545	1837.36034300857	749_11225_1
206	Spectrogram 1	1	11231.5608636538	11231.7546229753	482.052984357678	2068.75428229043	749_11230_1
207	Spectrogram 1	1	11234.4621413999	11234.6052837533	498.58112287781	1986.11358968977	749_11230_2
208	Spectrogram 1	1	11237.2371496555	11237.4498903401	349.827876196615	1936.52917412937	749_11235_1
209	Spectrogram 1	1	11578.445396263	11578.667175692	234.130906555684	1539.85384964618	749_11575_1
210	Spectrogram 1	1	11590.4592433754	11590.6755995578	399.412291757013	2300.14822157229	749_11590_1
211	Spectrogram 1	1	11600.2156972499	11600.4103604458	498.58112287781	2184.45125193136	749_11600_1
212	Spectrogram 1	1	11608.4941692898	11608.66509418	415.940430277146	2465.42960677362	749_11605_1
213	Spectrogram 1	1	11618.644428325	11619.0428129983	448.996707317412	2531.54216085416	749_11615_1
214	Spectrogram 1	1	11622.3980316344	11622.566231024	333.299737676482	2151.3949748911	749_11620_1
215	Spectrogram 1	1	11629.0928493914	11629.3391797979	382.88415323688	1936.52917412937	749_11625_1
216	Spectrogram 1	1	11637.2402167728	11637.6344684274	349.827876196615	2465.42960677362	749_11635_1
217	Spectrogram 1	1	11643.0797141926	11643.2906471284	515.109261397944	2134.86683637097	749_11640_1
218	Spectrogram 1	1	13584.9423267743	13585.1125853606	465.524845837545	2200.9793904515	749_13585_1
219	Spectrogram 1	1	13588.1127774846	13588.2776128243	564.693676958342	2167.92311341123	749_13585_2
220	Spectrogram 1	1	13591.2737171193	13591.6089553683	548.165538438209	1886.94475856897	749_13590_1
221	Spectrogram 1	1	13605.8473218741	13606.1665907358	432.468568797279	1903.47289708911	749_13605_1
222	Spectrogram 1	1	13609.574614397	13609.8420427965	515.109261397944	1771.24778892804	749_13605_2
223	Spectrogram 1	1	13622.4169801983	13622.7689319748	482.052984357678	1903.47289708911	749_13620_1
224	Spectrogram 1	1	13624.7878712024	13625.1213555226	366.356014716747	2134.86683637097	749_13620_2
225	Spectrogram 1	1	13626.9028395309	13626.9809029251	432.468568797279	2035.69800525017	749_13625_1
226	Spectrogram 1	1	13932.2465684619	13932.3517480891	812.615754760335	2167.92311341123	749_13930_1
227	Spectrogram 1	1	13932.7026926706	13932.8702396336	696.918785119405	2415.84519121323	749_13930_2
228	Spectrogram 1	1	13933.2173255881	13933.4151586365	647.334369559006	2399.31705269309	749_13930_3
229	Spectrogram 1	1	13933.7665556807	13933.8952360431	415.940430277146	1903.47289708911	749_13930_4
230	Spectrogram 1	1	13934.2971159472	13934.3751793414	448.996707317412	2333.20449861256	749_13930_5
231	Spectrogram 1	1	13934.8648241207	13934.9690998734	415.940430277146	2267.09194453203	749_13930_6
232	Spectrogram 1	1	13935.3855365879	13935.505178206	581.221815478475	2366.26077565283	749_13935_1
233	Spectrogram 1	1	13935.9253684042	13936.0133744172	498.58112287781	2465.42960677362	749_13935_2
234	Spectrogram 1	1	13936.8427490613	13936.9569674328	630.806231038874	2448.90146825349	749_13935_3
235	Spectrogram 1	1	13937.405324995	13937.4879077613	597.749953998608	2300.14822157229	749_13935_4
236	Spectrogram 1	1	13937.8726108473	13938.0006280387	515.109261397944	2515.01402233402	749_13935_5
237	Spectrogram 1	1	13938.4161812743	13938.5403422646	548.165538438209	2382.78891417296	749_13935_6
238	Spectrogram 1	1	13938.9533905226	13939.0667050196	597.749953998608	2515.01402233402	749_13935_7
239	Spectrogram 1	1	13939.4519659757	13939.5191828767	432.468568797279	2432.37332973336	749_13935_8
240	Spectrogram 1	1	13940.0619874076	13940.1834367746	515.109261397944	2415.84519121323	749_13940_1
241	Spectrogram 1	1	15731.8703000514	15732.009826907	399.412291757013	2250.5638060119	749_15730_1
242	Spectrogram 1	1	15735.1543536975	15735.3707098799	432.468568797279	2184.45125193136	749_15735_1
243	Spectrogram 1	1	15746.1123778502	15746.3450037723	399.412291757013	2267.09194453203	749_15745_1
244	Spectrogram 1	1	15750.8381890491	15751.0039282632	465.524845837545	2052.2261437703	749_15750_1
245	Spectrogram 1	1	15753.258054298	15753.4834892	482.052984357678	2101.8105593307	749_15750_2
246	Spectrogram 1	1	15755.3762341843	15755.5501082683	482.052984357678	2052.2261437703	749_15755_1
247	Spectrogram 1	1	15761.0618190833	15761.20767306	349.827876196615	2217.50752897163	749_15760_1
248	Spectrogram 1	1	15769.1231372991	15769.2744145223	432.468568797279	2448.90146825349	749_15765_1
249	Spectrogram 1	1	15776.5565263141	15776.7456212082	498.58112287781	2531.54216085416	749_15775_1
250	Spectrogram 1	1	15782.2296550007	15782.4297414433	515.109261397944	2234.03566749176	749_15780_1
251	Spectrogram 1	1	15787.4029899274	15787.5831911325	448.996707317412	2300.14822157229	749_15785_1
252	Spectrogram 1	1	15794.9634605792	15795.1334769691	432.468568797279	2300.14822157229	749_15795_1
253	Spectrogram 1	1	15802.5268419631	15802.876343361	465.524845837545	2234.03566749176	749_15800_1
254	Spectrogram 1	1	15806.9830206961	15807.1704528966	415.940430277146	1986.11358968977	749_15805_1
255	Spectrogram 1	1	15818.0449287008	15818.2441112689	448.996707317412	2267.09194453203	749_15815_1
256	Spectrogram 1	1	15838.5314887521	15838.9247698377	448.996707317412	2250.5638060119	749_15835_1
257	Spectrogram 1	1	15841.5538654638	15841.765702274	448.996707317412	2267.09194453203	749_15840_1
258	Spectrogram 1	1	15846.3968276244	15846.542681601	498.58112287781	2267.09194453203	749_15845_1
259	Spectrogram 1	1	15852.5606565558	15852.8088039626	564.693676958342	2134.86683637097	749_15850_1
260	Spectrogram 1	1	15862.7636561608	15862.9321069983	614.278092518741	2300.14822157229	749_15860_1
261	Spectrogram 1	1	15868.7127649846	15868.7600966481	1225.81921776366	1225.81921776366	749_15865_1
262	Spectrogram 1	1	15873.0647279376	15873.4452721164	515.109261397944	2234.03566749176	749_15870_1
263	Spectrogram 1	1	15880.059943347	15880.2491832963	465.524845837545	2432.37332973336	749_15880_1
264	Spectrogram 1	1	15882.5395296618	15882.6700177731	548.165538438209	2300.14822157229	749_15880_2
265	Spectrogram 1	1	15884.7716668528	15884.9735610442	498.58112287781	2217.50752897163	749_15880_3
266	Spectrogram 1	1	15902.8110650409	15903.0554413307	465.524845837545	2432.37332973336	749_15900_1
267	Spectrogram 1	1	15904.7138497429	15904.9564182838	515.109261397944	2614.18285345482	749_15900_2
268	Spectrogram 1	1	17292.3278828007	17292.3941958272	482.052984357678	1771.24778892804	749_17290_1
269	Spectrogram 1	1	17298.0757768342	17298.2351889273	349.827876196615	2515.01402233402	749_17295_1
270	Spectrogram 1	1	17300.1138812997	17300.1973679405	465.524845837545	2234.03566749176	749_17300_1
271	Spectrogram 1	1	17306.0090178105	17306.1937383877	498.58112287781	2300.14822157229	749_17305_1
272	Spectrogram 1	1	17310.5713785001	17310.7181363512	482.052984357678	2134.86683637097	749_17310_1
273	Spectrogram 1	1	17315.8833245694	17316.0680451466	465.524845837545	1804.30406596831	749_17315_1
274	Spectrogram 1	1	17317.6246684625	17317.8048696676	548.165538438209	2052.2261437703	749_17315_2
275	Spectrogram 1	1	17320.6712976462	17320.8623453444	515.109261397944	2333.20449861256	749_17320_1
276	Spectrogram 1	1	17322.7689553809	17322.9226187673	399.412291757013	2250.5638060119	749_17320_2
277	Spectrogram 1	1	17325.1995747667	17325.3806798462	482.052984357678	2052.2261437703	749_17325_1
278	Spectrogram 1	1	17327.7042949615	17327.8591876824	415.940430277146	2035.69800525017	749_17325_2
279	Spectrogram 1	1	17329.0464278814	17329.2239174632	465.524845837545	1969.58545116964	749_17325_3
280	Spectrogram 1	1	17330.600682544	17330.8070961076	448.996707317412	1953.0573126495	749_17330_1
281	Spectrogram 1	1	17332.9737589324	17333.1042470437	316.771599156349	2052.2261437703	749_17330_2
282	Spectrogram 1	1	18475.0090388782	18475.0771596536	597.749953998608	2217.50752897163	749_18475_1
283	Spectrogram 1	1	18476.0086104009	18476.0785389252	597.749953998608	2283.62008305216	749_18475_2
284	Spectrogram 1	1	18476.5652666232	18476.6831004924	448.996707317412	2333.20449861256	749_18475_3
285	Spectrogram 1	1	18477.0777220535	18477.1937481739	432.468568797279	2167.92311341123	749_18475_4
286	Spectrogram 1	1	18477.6516853243	18477.6699821813	448.996707317412	2548.07029937429	749_18475_5
287	Spectrogram 1	1	18478.0877176441	18478.1845745486	415.940430277146	2663.76726901522	749_18475_6
288	Spectrogram 1	1	18478.7663810766	18478.9031963089	448.996707317412	2614.18285345482	749_18475_7
289	Spectrogram 1	1	18479.4666607721	18479.521223431	597.749953998608	2829.04865421655	749_18475_8
290	Spectrogram 1	1	18480.1248168481	18480.2046879912	498.58112287781	2448.90146825349	749_18480_1
291	Spectrogram 1	1	18480.9454590997	18481.1229486815	614.278092518741	2465.42960677362	749_18480_2
292	Spectrogram 1	1	18483.4327703023	18483.6064206931	630.806231038874	2382.78891417296	749_18480_3
293	Spectrogram 1	1	18484.0419667106	18484.1670315753	581.221815478475	2663.76726901522	749_18480_4
294	Spectrogram 1	1	18485.097265858	18485.285601933	614.278092518741	2862.10493125681	749_18485_1
295	Spectrogram 1	1	18486.9385941847	18487.1140615759	746.503200679804	2680.29540753535	749_18485_2
296	Spectrogram 1	1	18522.6840023144	18522.8388950353	234.130906555684	2415.84519121323	749_18520_1
297	Spectrogram 1	1	18523.3427072923	18523.501215511	382.88415323688	2614.18285345482	749_18520_2
298	Spectrogram 1	1	18525.0673489465	18525.1598743316	531.637399918076	2399.31705269309	749_18525_1
299	Spectrogram 1	1	18525.578202086	18525.718632816	680.390646599272	2382.78891417296	749_18525_2
300	Spectrogram 1	1	18526.1041848894	18526.2106062655	630.806231038874	2184.45125193136	749_18525_3
301	Spectrogram 1	1	18526.6026746831	18526.7241240501	614.278092518741	2366.26077565283	749_18525_4
302	Spectrogram 1	1	18527.4474270312	18527.5923771334	630.806231038874	2349.73263713269	749_18525_5
303	Spectrogram 1	1	18528.0732706689	18528.1630844307	796.087616240203	2548.07029937429	749_18525_6
304	Spectrogram 1	1	18528.624096235	18528.703967378	779.55947772007	2349.73263713269	749_18525_7
305	Spectrogram 1	1	18529.2053906993	18529.3151381339	696.918785119405	2448.90146825349	749_18525_8
306	Spectrogram 1	1	18531.234253642	18531.3394332691	729.975062159671	2448.90146825349	749_18530_1
307	Spectrogram 1	1	18531.7357497469	18531.8285436201	713.446923639538	2366.26077565283	749_18530_2
308	Spectrogram 1	1	18532.2779404077	18532.4219866355	498.58112287781	2333.20449861256	749_18530_3
309	Spectrogram 1	1	18533.1951222766	18533.2633866445	729.975062159671	2283.62008305216	749_18530_4
310	Spectrogram 1	1	18533.7093118599	18533.8230012376	812.615754760335	2415.84519121323	749_18530_5
311	Spectrogram 1	1	18534.5851538716	18534.7228729784	663.862508079139	2515.01402233402	749_18530_6
312	Spectrogram 1	1	18547.7649400973	18547.8556577336	482.052984357678	2316.67636009243	749_18545_1
313	Spectrogram 1	1	18548.4712867609	18548.5439269085	382.88415323688	2052.2261437703	749_18545_2
314	Spectrogram 1	1	18548.8731960069	18549.0132318903	432.468568797279	2498.48588381389	749_18545_3
315	Spectrogram 1	1	18549.3007974911	18549.4181208696	333.299737676482	2481.95774529376	749_18545_4
316	Spectrogram 1	1	18549.7568556536	18549.8990941325	515.109261397944	2713.35168457562	749_18545_5
317	Spectrogram 1	1	18550.625610966	18550.8193702876	366.356014716747	2548.07029937429	749_18550_1
318	Spectrogram 1	1	18551.2194625828	18551.3458709633	366.356014716747	2432.37332973336	749_18550_2
319	Spectrogram 1	1	18567.3277390504	18567.4094179423	432.468568797279	2333.20449861256	749_18565_1
320	Spectrogram 1	1	18567.8250340733	18568.0215050182	482.052984357678	2448.90146825349	749_18565_2
321	Spectrogram 1	1	18568.5003271454	18568.5765827908	597.749953998608	2267.09194453203	749_18565_3
322	Spectrogram 1	1	18569.1877506472	18569.3299891261	366.356014716747	2300.14822157229	749_18565_4
323	Spectrogram 1	1	18885.671588653	18885.8382317416	382.88415323688	2415.84519121323	749_18885_1
324	Spectrogram 1	1	18902.465241331	18902.7091244353	267.18718359595	2382.78891417296	749_18900_1
325	Spectrogram 1	1	18903.15233784	18903.3008236132	316.771599156349	2399.31705269309	749_18900_2
326	Spectrogram 1	1	18903.7734489763	18903.9939162238	432.468568797279	2498.48588381389	749_18900_3
327	Spectrogram 1	1	18904.3308604817	18904.5594462341	548.165538438209	2531.54216085416	749_18900_4
328	Spectrogram 1	1	18904.803957456	18905.018089711	564.693676958342	2597.65471493469	749_18900_5
329	Spectrogram 1	1	18906.0878415539	18906.2928300703	564.693676958342	2663.76726901522	749_18905_1
330	Spectrogram 1	1	18906.4975295136	18906.713734024	581.221815478475	2795.99237717628	749_18905_2
331	Spectrogram 1	1	18906.9675343254	18907.1734143222	581.221815478475	2862.10493125681	749_18905_3
