Selection	View	Channel	Begin Time (s)	End Time (s)	Low Freq (Hz)	High Freq (Hz)	Annotation
1	Spectrogram 1	1	3721.36062277475	3721.7639434344	482.052984357678	2614.18285345482	752_3720_1
2	Spectrogram 1	1	3722.34016845048	3722.74862833477	630.806231038874	2465.42960677362	752_3720_2
3	Spectrogram 1	1	3819.88866941489	3820.28769436644	482.052984357678	2498.48588381389	752_3820_1
4	Spectrogram 1	1	3820.65111228897	3821.19884214346	448.996707317412	2597.65471493469	752_3820_2
5	Spectrogram 1	1	3821.42926250495	3821.9716020376	448.996707317412	2415.84519121323	752_3820_3
6	Spectrogram 1	1	3830.15245338711	3830.31186548022	647.334369559006	2762.93610013602	752_3830_1
7	Spectrogram 1	1	3831.24900313341	3831.39847260776	564.693676958342	2581.12657641455	752_3830_2
8	Spectrogram 1	1	3851.16845150805	3851.66519822243	432.468568797279	2349.73263713269	752_3850_1
9	Spectrogram 1	1	3851.93979699455	3852.46641948448	498.58112287781	2366.26077565283	752_3850_2
10	Spectrogram 1	1	3852.73313364657	3853.27934624188	448.996707317412	2448.90146825349	752_3850_3
11	Spectrogram 1	1	3853.55558756868	3854.1234123194	399.412291757013	2630.71099197495	752_3850_4
12	Spectrogram 1	1	3869.21171348711	3869.46964789336	465.524845837545	2928.21748533734	752_3865_1
13	Spectrogram 1	1	3869.96767198988	3870.44778212822	482.052984357678	2498.48588381389	752_3870_1
14	Spectrogram 1	1	3870.7403009003	3871.27842775733	432.468568797279	2498.48588381389	752_3870_2
15	Spectrogram 1	1	3871.58151446499	3872.16379191649	465.524845837545	2465.42960677362	752_3870_3
16	Spectrogram 1	1	3891.0083232862	3891.52440476375	415.940430277146	2614.18285345482	752_3890_1
17	Spectrogram 1	1	3891.81593876636	3892.36234846433	432.468568797279	2515.01402233402	752_3890_2
18	Spectrogram 1	1	3892.63300057317	3893.14492718882	465.524845837545	2630.71099197495	752_3890_3
19	Spectrogram 1	1	3893.44267081014	3894.02204842683	498.58112287781	2548.07029937429	752_3890_4
20	Spectrogram 1	1	3910.85873180888	3911.37461526695	482.052984357678	2597.65471493469	752_3910_1
21	Spectrogram 1	1	3911.64714779589	3912.18222251992	482.052984357678	2498.48588381389	752_3910_2
22	Spectrogram 1	1	3912.46884873708	3912.97923909118	498.58112287781	2564.59843789442	752_3910_3
23	Spectrogram 1	1	3913.27431267992	3913.85247727875	448.996707317412	2597.65471493469	752_3910_4
24	Spectrogram 1	1	3937.09399002067	3937.59337060041	267.18718359595	2548.07029937429	752_3935_1
25	Spectrogram 1	1	3937.84952172608	3938.36269308994	432.468568797279	2465.42960677362	752_3935_2
26	Spectrogram 1	1	3938.61488041448	3939.12388026369	415.940430277146	2349.73263713269	752_3935_3
27	Spectrogram 1	1	3959.8140907497	3960.25189616799	498.58112287781	2614.18285345482	752_3955_1
28	Spectrogram 1	1	3960.61729798571	3960.94121522551	465.524845837545	2548.07029937429	752_3960_1
29	Spectrogram 1	1	3961.44003548669	3961.73502874466	448.996707317412	2944.74562385748	752_3960_2
30	Spectrogram 1	1	3999.91573282315	4000.34298386893	415.940430277146	2448.90146825349	752_4000_1
31	Spectrogram 1	1	4000.70271788252	4001.24223477353	432.468568797279	2680.29540753535	752_4000_2
32	Spectrogram 1	1	4001.49963780912	4002.03497255455	482.052984357678	2548.07029937429	752_4000_3
33	Spectrogram 1	1	4002.32186941792	4002.8541205384	498.58112287781	2432.37332973336	752_4000_4
34	Spectrogram 1	1	4074.90627622612	4075.34296180779	448.996707317412	2597.65471493469	752_4075_1
35	Spectrogram 1	1	4075.69956487416	4076.2238602771	498.58112287781	2531.54216085416	752_4075_2
36	Spectrogram 1	1	4076.48161073721	4077.01122105368	382.88415323688	2564.59843789442	752_4075_3
37	Spectrogram 1	1	4077.3071150907	4077.88504859915	465.524845837545	2515.01402233402	752_4075_4
38	Spectrogram 1	1	4147.15660623599	4147.6616080818	415.940430277146	2779.46423865615	752_4145_1
39	Spectrogram 1	1	4147.95969618183	4148.4921564687	465.524845837545	2746.40796161588	752_4145_2
40	Spectrogram 1	1	4148.75536254774	4149.31318845656	448.996707317412	2845.57679273668	752_4145_3
41	Spectrogram 1	1	4149.61138859587	4150.13999054386	432.468568797279	2581.12657641455	752_4145_4
42	Spectrogram 1	1	4180.11335748736	4180.29084706912	564.693676958342	2564.59843789442	752_4180_1
43	Spectrogram 1	1	4180.76289431	4180.92200869758	531.637399918076	2531.54216085416	752_4180_2
44	Spectrogram 1	1	4181.43936792408	4181.60420326378	564.693676958342	2647.23913049509	752_4180_3
45	Spectrogram 1	1	4182.09323166913	4182.21920040824	564.693676958342	2713.35168457562	752_4180_4
46	Spectrogram 1	1	4182.76324875122	4182.88560199261	746.503200679804	2812.52051569641	752_4180_5
47	Spectrogram 1	1	4183.43937531155	4183.61938520366	663.862508079139	2878.63306977695	752_4180_6
48	Spectrogram 1	1	4184.10858975926	4184.25534761032	630.806231038874	2597.65471493469	752_4180_7
49	Spectrogram 1	1	4184.8189593301	4185.00187215845	680.390646599272	2696.82354605548	752_4180_8
50	Spectrogram 1	1	4274.08226099797	4274.18653675071	581.221815478475	2399.31705269309	752_4270_1
51	Spectrogram 1	1	4281.35425325379	4281.61893897542	614.278092518741	2762.93610013602	752_4280_1
52	Spectrogram 1	1	4282.3391268036	4282.83035287465	597.749953998608	3076.97073201854	752_4280_2
53	Spectrogram 1	1	4298.38553845026	4298.77541188791	515.109261397944	2895.16120829708	752_4295_1
54	Spectrogram 1	1	4299.83105890595	4300.32128904132	548.165538438209	2448.90146825349	752_4295_2
55	Spectrogram 1	1	4364.23460919665	4364.53813642281	333.299737676482	3176.13956313934	752_4360_1
56	Spectrogram 1	1	4380.05026438753	4380.2223307227	250.659045075817	2663.76726901522	752_4380_1
57	Spectrogram 1	1	4384.25227143383	4384.42433776899	415.940430277146	2151.3949748911	752_4380_2
58	Spectrogram 1	1	5002.06460220048	5002.20051355835	531.637399918076	2167.92311341123	752_5000_1
59	Spectrogram 1	1	5002.81809408474	5002.94225507499	382.88415323688	2283.62008305216	752_5000_2
60	Spectrogram 1	1	5003.77848065246	5003.92523850352	267.18718359595	2019.16986673004	752_5000_3
61	Spectrogram 1	1	5004.30586368468	5004.43725567039	465.524845837545	2448.90146825349	752_5000_4
62	Spectrogram 1	1	5583.63097802219	5583.74067702152	448.996707317412	2118.33869785083	752_5580_1
63	Spectrogram 1	1	5584.06220115635	5584.17190015568	399.412291757013	2382.78891417296	752_5580_2
64	Spectrogram 1	1	5584.58086730495	5584.65169970369	366.356014716747	2498.48588381389	752_5580_3
65	Spectrogram 1	1	5585.05872111814	5585.20999834136	548.165538438209	2184.45125193136	752_5585_1
66	Spectrogram 1	1	5585.53298101681	5585.65352650933	531.637399918076	2085.28242081057	752_5585_2
67	Spectrogram 1	1	5586.78033640163	5586.89765978014	548.165538438209	2382.78891417296	752_5585_3
68	Spectrogram 1	1	5589.07056883173	5589.12693923955	531.637399918076	2300.14822157229	752_5585_4
69	Spectrogram 1	1	5589.61002409228	5589.73508895696	630.806231038874	2399.31705269309	752_5585_5
70	Spectrogram 1	1	5590.1617592971	5590.2985745294	531.637399918076	2217.50752897163	752_5590_1
71	Spectrogram 1	1	5590.76961450133	5590.89015999384	630.806231038874	2382.78891417296	752_5590_2
72	Spectrogram 1	1	5591.40341840475	5591.52667552056	564.693676958342	2382.78891417296	752_5590_3
73	Spectrogram 1	1	5593.17473741079	5593.25822405158	713.446923639538	2531.54216085416	752_5590_4
74	Spectrogram 1	1	5593.6820879489	5593.80624893915	614.278092518741	2564.59843789442	752_5590_5
75	Spectrogram 1	1	5594.74875163756	5594.86839325565	548.165538438209	2465.42960677362	752_5590_6
76	Spectrogram 1	1	5595.231765038	5595.32790592084	448.996707317412	2349.73263713269	752_5595_1
77	Spectrogram 1	1	5596.21690542362	5596.3473935349	432.468568797279	2564.59843789442	752_5595_2
78	Spectrogram 1	1	5599.35464205018	5599.46072555178	548.165538438209	2415.84519121323	752_5595_3
79	Spectrogram 1	1	5615.34632077909	5615.47048176934	581.221815478475	2382.78891417296	752_5615_5
80	Spectrogram 1	1	5617.19988885215	5617.30868397705	415.940430277146	2366.26077565283	752_5615_1
81	Spectrogram 1	1	5617.61743746708	5617.68555824252	696.918785119405	2531.54216085416	752_5615_2
82	Spectrogram 1	1	5618.04657741527	5618.11211628254	432.468568797279	2647.23913049509	752_5615_3
83	Spectrogram 1	1	5618.57274762518	5618.71171122629	630.806231038874	2481.95774529376	752_5615_4
84	Spectrogram 1	1	5765.1473863614	5765.28600934257	597.749953998608	2432.37332973336	752_5765_1
85	Spectrogram 1	1	5765.6318798857	5765.74609825719	564.693676958342	2366.26077565283	752_5765_2
86	Spectrogram 1	1	5766.29778500523	5766.4029646324	498.58112287781	2250.5638060119	752_5765_3
87	Spectrogram 1	1	5767.5670841582	5767.61351194727	548.165538438209	2515.01402233402	752_5765_4
88	Spectrogram 1	1	5768.73215025092	5768.83190663149	432.468568797279	2382.78891417296	752_5765_5
89	Spectrogram 1	1	5769.23737468578	5769.37509379252	448.996707317412	2531.54216085416	752_5765_6
90	Spectrogram 1	1	5769.70936122462	5769.85611907568	482.052984357678	2680.29540753535	752_5765_7
91	Spectrogram 1	1	5770.34223967039	5770.49984401464	399.412291757013	2630.71099197495	752_5770_1
92	Spectrogram 1	1	5819.79228361855	5820.21020379932	399.412291757013	2614.18285345482	752_5820_1
93	Spectrogram 1	1	5862.06369832605	5862.15803146003	515.109261397944	2333.20449861256	752_5860_1
94	Spectrogram 1	1	5862.4579516637	5862.59295914714	515.109261397944	2217.50752897163	752_5860_2
95	Spectrogram 1	1	5862.94168857016	5863.04686819733	201.074629515419	2465.42960677362	752_5860_3
96	Spectrogram 1	1	5863.46705839555	5863.56229540396	267.18718359595	2614.18285345482	752_5860_4
97	Spectrogram 1	1	5866.28093325173	5866.43401822382	564.693676958342	2399.31705269309	752_5865_1
98	Spectrogram 1	1	5932.21510066972	5932.34605155119	498.58112287781	2581.12657641455	752_5930_1
99	Spectrogram 1	1	6051.65783837105	6051.80369234767	316.771599156349	2432.37332973336	752_6050_1
100	Spectrogram 1	1	6053.30466838847	6053.45288077369	316.771599156349	2465.42960677362	752_6050_2
101	Spectrogram 1	1	6067.92282360982	6068.0533117211	300.243460636216	2316.67636009243	752_6065_1
102	Spectrogram 1	1	6079.14192581239	6080.1060813465	498.58112287781	2762.93610013602	752_6075_1
103	Spectrogram 1	1	6080.73759532778	6081.08501330283	382.88415323688	2448.90146825349	752_6080_1
104	Spectrogram 1	1	6081.7811656908	6082.12044879595	498.58112287781	2448.90146825349	752_6080_2
105	Spectrogram 1	1	6101.20214100788	6102.06431461945	581.221815478475	2564.59843789442	752_6100_1
106	Spectrogram 1	1	6102.62855666356	6103.20856690296	515.109261397944	2349.73263713269	752_6100_2
107	Spectrogram 1	1	6103.70968444385	6104.35435147722	564.693676958342	2250.5638060119	752_6100_3
108	Spectrogram 1	1	6115.0038484371	6115.06293046822	382.88415323688	2118.33869785083	752_6115_1
109	Spectrogram 1	1	6115.48205237326	6115.62572225749	548.165538438209	2052.2261437703	752_6115_2
110	Spectrogram 1	1	6115.96898718247	6116.03530020905	564.693676958342	2167.92311341123	752_6115_3
111	Spectrogram 1	1	6116.44420915695	6116.56113915174	531.637399918076	2548.07029937429	752_6115_4
112	Spectrogram 1	1	6116.92487086139	6117.02825863095	581.221815478475	2465.42960677362	752_6115_5
113	Spectrogram 1	1	6120.57869504445	6120.6441041966	448.996707317412	2432.37332973336	752_6120_1
114	Spectrogram 1	1	6121.16623025404	6121.30214161191	432.468568797279	2581.12657641455	752_6120_2
115	Spectrogram 1	1	6121.59359945948	6121.7399948443	432.468568797279	2382.78891417296	752_6120_3
116	Spectrogram 1	1	6121.9943636541	6122.14383312845	432.468568797279	2333.20449861256	752_6120_4
117	Spectrogram 1	1	6122.41422918229	6122.62454403909	399.412291757013	2349.73263713269	752_6120_5
118	Spectrogram 1	1	6122.9083066365	6123.1246565365	448.996707317412	2267.09194453203	752_6120_6
119	Spectrogram 1	1	6123.58633546044	6123.6408981194	597.749953998608	2134.86683637097	752_6120_7
120	Spectrogram 1	1	6124.15786458958	6124.30010306848	482.052984357678	2085.28242081057	752_6120_8
121	Spectrogram 1	1	6124.76726388333	6124.8444234031	399.412291757013	2548.07029937429	752_6120_9
122	Spectrogram 1	1	6145.99146764054	6146.11382088192	448.996707317412	2267.09194453203	752_6145_1
123	Spectrogram 1	1	6146.49330938316	6146.61114325238	498.58112287781	2200.9793904515	752_6145_2
124	Spectrogram 1	1	6146.94809145393	6147.04423233677	680.390646599272	2250.5638060119	752_6145_3
125	Spectrogram 1	1	6147.38937711591	6147.59307905621	267.18718359595	2630.71099197495	752_6145_4
126	Spectrogram 1	1	6147.86943681694	6147.99540555605	300.243460636216	2465.42960677362	752_6145_5
127	Spectrogram 1	1	6148.35241710556	6148.50821370094	482.052984357678	2564.59843789442	752_6145_6
128	Spectrogram 1	1	6158.79611987765	6158.92118474233	283.715322116083	2515.01402233402	752_6155_1
129	Spectrogram 1	1	6213.8404917674	6214.07402156397	729.975062159671	3076.97073201854	752_6210_1
130	Spectrogram 1	1	6216.50476173126	6216.81421698015	482.052984357678	3391.00536390107	752_6215_1
131	Spectrogram 1	1	6395.16086032688	6396.23136558991	515.109261397944	2564.59843789442	752_6395_1
132	Spectrogram 1	1	6396.42410894054	6397.11428236382	399.412291757013	2548.07029937429	752_6395_2
133	Spectrogram 1	1	6397.33808611202	6397.96594809938	498.58112287781	2415.84519121323	752_6395_3
134	Spectrogram 1	1	6398.16684100234	6398.81993976787	531.637399918076	2795.99237717628	752_6395_4
135	Spectrogram 1	1	6399.07794428281	6399.64447504629	498.58112287781	3209.1958401796	752_6395_5
136	Spectrogram 1	1	6399.96183023334	6400.44213993793	432.468568797279	2647.23913049509	752_6400_1
137	Spectrogram 1	1	6400.86725083447	6401.56155441942	548.165538438209	2581.12657641455	752_6400_2
138	Spectrogram 1	1	6401.82586136624	6402.35281977685	564.693676958342	2564.59843789442	752_6400_3
139	Spectrogram 1	1	6402.6239059061	6403.08318449575	415.940430277146	2531.54216085416	752_6400_4
140	Spectrogram 1	1	6403.37428295558	6403.95390178383	415.940430277146	2432.37332973336	752_6400_5
141	Spectrogram 1	1	6404.28626844554	6404.89072340922	399.412291757013	2515.01402233402	752_6400_6
142	Spectrogram 1	1	6405.18946083042	6405.69200377665	399.412291757013	2498.48588381389	752_6405_1
143	Spectrogram 1	1	6406.06230030046	6406.5267096666	515.109261397944	2481.95774529376	752_6405_2
144	Spectrogram 1	1	6407.89392366255	6408.5625447227	432.468568797279	2465.42960677362	752_6405_3
145	Spectrogram 1	1	6408.83064691097	6409.29668395717	415.940430277146	2515.01402233402	752_6405_4
146	Spectrogram 1	1	6409.81084830293	6410.23999838861	498.58112287781	2845.57679273668	752_6405_5
147	Spectrogram 1	1	6411.64096943847	6412.23222210208	581.221815478475	2680.29540753535	752_6410_1
148	Spectrogram 1	1	6413.4002603229	6414.09507374722	515.109261397944	2630.71099197495	752_6410_2
149	Spectrogram 1	1	6414.35431694886	6414.88536591491	366.356014716747	2713.35168457562	752_6410_3
150	Spectrogram 1	1	6415.55510108505	6416.3591974486	597.749953998608	2548.07029937429	752_6415_1
151	Spectrogram 1	1	6418.28088665102	6418.89895842273	564.693676958342	2647.23913049509	752_6415_2
152	Spectrogram 1	1	6419.19350385697	6419.73542998996	614.278092518741	2498.48588381389	752_6415_3
153	Spectrogram 1	1	6420.00809254855	6420.37492887588	482.052984357678	2548.07029937429	752_6420_1
154	Spectrogram 1	1	6420.8662528755	6421.5714411162	515.109261397944	2531.54216085416	752_6420_2
155	Spectrogram 1	1	6421.79460785115	6422.42097849195	515.109261397944	2564.59843789442	752_6420_3
156	Spectrogram 1	1	6422.62659754901	6423.21494175378	647.334369559006	2465.42960677362	752_6420_4
157	Spectrogram 1	1	6423.51414003194	6424.05217923674	531.637399918076	2481.95774529376	752_6420_5
158	Spectrogram 1	1	6424.6811791655	6425.05451515871	548.165538438209	2713.35168457562	752_6420_6
159	Spectrogram 1	1	6425.48720528147	6425.73429319453	283.715322116083	3010.85817793801	752_6425_1
160	Spectrogram 1	1	6426.95911255123	6427.19625784553	498.58112287781	2878.63306977695	752_6425_2
161	Spectrogram 1	1	6429.96623141284	6430.16179848325	415.940430277146	2581.12657641455	752_6430_1
162	Spectrogram 1	1	6430.7334894245	6430.94573325525	482.052984357678	2564.59843789442	752_6430_2
163	Spectrogram 1	1	6432.78385975272	6432.99750431178	498.58112287781	2795.99237717628	752_6430_3
164	Spectrogram 1	1	6434.21815904566	6434.59167947976	564.693676958342	2845.57679273668	752_6430_4
165	Spectrogram 1	1	6435.18276583171	6435.6184162197	448.996707317412	2415.84519121323	752_6435_1
166	Spectrogram 1	1	6435.9837914869	6436.26642434757	614.278092518741	2515.01402233402	752_6435_2
167	Spectrogram 1	1	6437.9336522478	6438.31676990486	531.637399918076	2696.82354605548	752_6435_3
168	Spectrogram 1	1	6439.97007971606	6440.24247611322	779.55947772007	3324.89280982053	752_6440_1
169	Spectrogram 1	1	6444.41945384364	6444.67738824988	779.55947772007	3291.83653278027	752_6440_2
170	Spectrogram 1	1	6453.66857302724	6453.9939429509	448.996707317412	2961.27376237761	752_6450_1
171	Spectrogram 1	1	6454.89152456139	6455.40190706002	482.052984357678	2663.76726901522	752_6455_1
172	Spectrogram 1	1	6456.89765526841	6457.60701213773	333.299737676482	2531.54216085416	752_6455_2
173	Spectrogram 1	1	6457.86998491133	6458.36822994766	382.88415323688	2448.90146825349	752_6455_3
174	Spectrogram 1	1	6465.73841365332	6465.97827057091	515.109261397944	2795.99237717628	752_6465_1
175	Spectrogram 1	1	6466.75408031168	6467.02918833213	482.052984357678	2762.93610013602	752_6465_2
176	Spectrogram 1	1	6470.40019033988	6471.13248465529	283.715322116083	2564.59843789442	752_6470_1
177	Spectrogram 1	1	6471.51016589819	6472.40607918244	366.356014716747	2696.82354605548	752_6470_2
178	Spectrogram 1	1	6473.46242616378	6474.04910652738	581.221815478475	2630.71099197495	752_6470_3
179	Spectrogram 1	1	6474.35321963869	6474.83609734011	515.109261397944	2432.37332973336	752_6470_4
180	Spectrogram 1	1	6475.73141195702	6475.96042238142	647.334369559006	3324.89280982053	752_6475_1
181	Spectrogram 1	1	6476.65779100335	6477.04947986933	515.109261397944	3523.23047206213	752_6475_2
182	Spectrogram 1	1	6477.58871543688	6477.84845759199	564.693676958342	3506.702333542	752_6475_3
183	Spectrogram 1	1	6478.46504518871	6478.80523216831	531.637399918076	3424.06164094133	752_6475_4
184	Spectrogram 1	1	6480.54924725027	6481.03676576234	581.221815478475	3275.30839426014	752_6480_1
185	Spectrogram 1	1	6481.99750979342	6482.26836970525	548.165538438209	3324.89280982053	752_6480_2
186	Spectrogram 1	1	6486.99001537972	6487.22264130186	415.940430277146	3308.3646713004	752_6485_1
187	Spectrogram 1	1	6499.15004727735	6499.65626344401	448.996707317412	2895.16120829708	752_6495_1
188	Spectrogram 1	1	6508.40462302451	6508.94445098014	432.468568797279	2795.99237717628	752_6505_1
189	Spectrogram 1	1	6509.23385875823	6509.60576238231	597.749953998608	2713.35168457562	752_6505_2
190	Spectrogram 1	1	6510.64669625562	6511.18474654698	316.771599156349	2581.12657641455	752_6510_1
191	Spectrogram 1	1	6515.44713059392	6515.96742750257	432.468568797279	2862.10493125681	752_6515_1
192	Spectrogram 1	1	6516.42978403254	6516.90425550028	515.109261397944	2663.76726901522	752_6515_2
193	Spectrogram 1	1	6529.79096490769	6530.10646239584	465.524845837545	2961.27376237761	752_6530_1
194	Spectrogram 1	1	6530.72292685295	6531.15509192295	581.221815478475	2515.01402233402	752_6530_2
195	Spectrogram 1	1	6537.99064256455	6538.49564441037	597.749953998608	2630.71099197495	752_6535_1
196	Spectrogram 1	1	6538.67479722704	6539.22237582154	498.58112287781	2399.31705269309	752_6535_2
197	Spectrogram 1	1	6539.43056069215	6539.89418503552	448.996707317412	2481.95774529376	752_6535_3
198	Spectrogram 1	1	6540.18790197255	6540.45967038458	581.221815478475	2713.35168457562	752_6540_1
199	Spectrogram 1	1	6540.93617911193	6541.16888201548	548.165538438209	2481.95774529376	752_6540_2
200	Spectrogram 1	1	6541.63317010203	6541.95166409525	564.693676958342	2696.82354605548	752_6540_3
201	Spectrogram 1	1	6542.81047952087	6543.06299068052	515.109261397944	2531.54216085416	752_6540_4
202	Spectrogram 1	1	6548.5728937467	6548.89681098651	597.749953998608	2829.04865421655	752_6545_1
203	Spectrogram 1	1	6555.53221622943	6556.19292955882	482.052984357678	2597.65471493469	752_6555_1
204	Spectrogram 1	1	6556.5037889792	6557.13055504921	548.165538438209	2564.59843789442	752_6555_2
205	Spectrogram 1	1	6557.39720478778	6558.04725772775	597.749953998608	2597.65471493469	752_6555_3
206	Spectrogram 1	1	6558.32818661426	6558.76003721142	465.524845837545	2614.18285345482	752_6555_4
207	Spectrogram 1	1	6565.68219176336	6566.0482933659	548.165538438209	2911.68934681721	752_6565_1
208	Spectrogram 1	1	6577.86468113296	6578.2175223546	415.940430277146	2911.68934681721	752_6575_1
209	Spectrogram 1	1	6578.99483997384	6579.3211183977	647.334369559006	2977.80190089774	752_6575_2
210	Spectrogram 1	1	6587.73489170255	6588.04935962384	531.637399918076	3060.44259349841	752_6585_1
211	Spectrogram 1	1	6588.86509832871	6589.14743734463	630.806231038874	3027.38631645814	752_6585_2
212	Spectrogram 1	1	6594.77606982217	6595.25906896208	531.637399918076	2581.12657641455	752_6590_1
213	Spectrogram 1	1	6595.77951901907	6596.3285764597	366.356014716747	2713.35168457562	752_6595_1
214	Spectrogram 1	1	6605.95692648056	6606.54386310753	382.88415323688	2812.52051569641	752_6605_1
215	Spectrogram 1	1	6606.84156852108	6607.4315709642	432.468568797279	2779.46423865615	752_6605_2
216	Spectrogram 1	1	6607.77950718657	6608.44043097418	415.940430277146	2614.18285345482	752_6605_3
217	Spectrogram 1	1	6608.85481353827	6609.50957950784	482.052984357678	2614.18285345482	752_6605_4
218	Spectrogram 1	1	6616.12422086419	6616.72745999595	515.109261397944	2597.65471493469	752_6615_1
219	Spectrogram 1	1	6616.99042723879	6617.4202267763	498.58112287781	2829.04865421655	752_6615_2
220	Spectrogram 1	1	6617.82915416463	6618.39409069886	564.693676958342	2812.52051569641	752_6615_3
221	Spectrogram 1	1	6620.42687499366	6620.73904186585	482.052984357678	3490.17419502186	752_6620_1
222	Spectrogram 1	1	6636.81364716232	6637.44527121986	432.468568797279	2498.48588381389	752_6635_1
223	Spectrogram 1	1	6638.7909032554	6639.24327168189	366.356014716747	2432.37332973336	752_6635_2
224	Spectrogram 1	1	6647.92276190212	6648.21594741123	597.749953998608	3027.38631645814	752_6645_1
225	Spectrogram 1	1	6661.59165007952	6661.93093318467	448.996707317412	2515.01402233402	752_6660_1
226	Spectrogram 1	1	6662.36980672645	6662.65395349124	465.524845837545	2515.01402233402	752_6660_2
227	Spectrogram 1	1	6663.17309725338	6663.4247045386	663.862508079139	3374.47722538093	752_6660_3
228	Spectrogram 1	1	6663.97525460672	6664.30730671642	531.637399918076	3440.58977946146	752_6660_4
229	Spectrogram 1	1	6664.7232090996	6664.86725532737	564.693676958342	3275.30839426014	752_6665_1
230	Spectrogram 1	1	6665.50764082715	6665.59861769995	597.749953998608	3176.13956313934	752_6665_2
231	Spectrogram 1	1	6666.36396979044	6666.62461581998	531.637399918076	2878.63306977695	752_6665_4
232	Spectrogram 1	1	6668.87696977462	6669.24906745709	663.862508079139	2862.10493125681	752_6665_3
233	Spectrogram 1	1	6669.78942027596	6670.24126875454	482.052984357678	2862.10493125681	752_6665_5
234	Spectrogram 1	1	6673.69033003782	6674.17871243603	448.996707317412	2878.63306977695	752_6670_1
235	Spectrogram 1	1	6674.5900828801	6675.00506421995	399.412291757013	2663.76726901522	752_6670_2
236	Spectrogram 1	1	6675.6123530439	6676.19641888104	515.109261397944	2746.40796161588	752_6675_1
237	Spectrogram 1	1	6682.73998289684	6683.34455065356	548.165538438209	2597.65471493469	752_6680_1
238	Spectrogram 1	1	6683.74671379931	6684.41079923032	614.278092518741	2746.40796161588	752_6680_2
239	Spectrogram 1	1	6684.84625976596	6685.33948002621	548.165538438209	2746.40796161588	752_6685_1
240	Spectrogram 1	1	6685.91351881475	6686.46984661492	415.940430277146	2696.82354605548	752_6685_2
241	Spectrogram 1	1	6698.20183534517	6698.73147299039	564.693676958342	2465.42960677362	752_6695_1
242	Spectrogram 1	1	6699.09908506694	6699.67724966578	482.052984357678	2713.35168457562	752_6695_2
243	Spectrogram 1	1	6700.19341874343	6700.40344780475	548.165538438209	3110.02700905881	752_6700_1
244	Spectrogram 1	1	6807.47333376262	6807.68618562926	382.88415323688	2531.54216085416	752_6805_1
245	Spectrogram 1	1	6881.20159775965	6881.41433844427	498.58112287781	2647.23913049509	752_6880_1
246	Spectrogram 1	1	6890.97714939988	6891.12119562764	564.693676958342	2515.01402233402	752_6890_1
247	Spectrogram 1	1	6896.79105361451	6896.98481293605	482.052984357678	2300.14822157229	752_6895_1
248	Spectrogram 1	1	6900.89305266947	6901.06914100189	482.052984357678	1655.55081928711	752_6900_1
249	Spectrogram 1	1	6904.77893096003	6904.89586095482	300.243460636216	1738.19151188778	752_6905_1
250	Spectrogram 1	1	7837.25965746111	7837.41997342865	498.58112287781	2349.73263713269	752_7835_1
251	Spectrogram 1	1	7837.86214762011	7838.01704034106	597.749953998608	2333.20449861256	752_7835_2
252	Spectrogram 1	1	7838.47399838415	7838.67318095228	482.052984357678	2366.26077565283	752_7835_3
253	Spectrogram 1	1	7968.72817938088	7969.03297910953	482.052984357678	2415.84519121323	752_7965_1
254	Spectrogram 1	1	7969.3451305717	7969.65234182253	465.524845837545	2448.90146825349	752_7965_2
255	Spectrogram 1	1	7969.95486461364	7970.16850917269	465.524845837545	2333.20449861256	752_7970_1
256	Spectrogram 1	1	8006.92240406672	8007.25793667299	448.996707317412	2481.95774529376	752_8005_1
257	Spectrogram 1	1	8007.55169468457	8007.88236539005	448.996707317412	2515.01402233402	752_8005_2
258	Spectrogram 1	1	8008.17941327503	8008.50157565413	349.827876196615	2481.95774529376	752_8005_3
259	Spectrogram 1	1	8022.62829363434	8022.94032792953	399.412291757013	2415.84519121323	752_8020_1
260	Spectrogram 1	1	8023.23750387601	8023.55398961851	515.109261397944	2415.84519121323	752_8020_2
261	Spectrogram 1	1	8023.86348118047	8024.18807450997	498.58112287781	2432.37332973336	752_8020_3
262	Spectrogram 1	1	8136.11742379109	8136.62118643962	465.524845837545	2928.21748533734	752_8135_1
263	Spectrogram 1	1	8136.91217986489	8137.46123730552	399.412291757013	2746.40796161588	752_8135_2
264	Spectrogram 1	1	8137.72938442631	8138.24394629506	382.88415323688	2729.87982309575	752_8135_3
265	Spectrogram 1	1	9000.87014935218	9001.43915101969	316.771599156349	2250.5638060119	752_9000_1
266	Spectrogram 1	1	9001.73181815226	9002.3262136194	465.524845837545	2349.73263713269	752_9000_2
267	Spectrogram 1	1	9002.62719621481	9003.23911458927	415.940430277146	2481.95774529376	752_9000_3
268	Spectrogram 1	1	9041.63249020322	9042.20328422913	465.524845837545	2498.48588381389	752_9040_1
269	Spectrogram 1	1	9042.47529227351	9043.06938718213	415.940430277146	2366.26077565283	752_9040_2
270	Spectrogram 1	1	9043.3913253679	9043.96796077723	482.052984357678	2531.54216085416	752_9040_3
271	Spectrogram 1	1	9044.27983071751	9044.87715486733	482.052984357678	2432.37332973336	752_9040_4
272	Spectrogram 1	1	9068.7581742391	9069.31600014791	366.356014716747	2448.90146825349	752_9065_1
273	Spectrogram 1	1	9069.60891392275	9070.17587330415	366.356014716747	2498.48588381389	752_9065_2
274	Spectrogram 1	1	9070.57401945756	9071.11752783914	399.412291757013	2531.54216085416	752_9070_1
275	Spectrogram 1	1	9116.94092675841	9117.52174848335	482.052984357678	2415.84519121323	752_9115_1
276	Spectrogram 1	1	9117.78599580206	9118.37003555311	482.052984357678	2283.62008305216	752_9115_2
277	Spectrogram 1	1	9118.68621199342	9119.25855967458	448.996707317412	2366.26077565283	752_9115_3
278	Spectrogram 1	1	9119.56487303615	9120.13684799651	597.749953998608	2300.14822157229	752_9115_4
279	Spectrogram 1	1	9206.7691586765	9206.9367056395	564.693676958342	2382.78891417296	752_9205_1
280	Spectrogram 1	1	9215.36582595452	9215.55868140164	465.524845837545	2548.07029937429	752_9215_1
281	Spectrogram 1	1	9218.5873283901	9218.70697000818	432.468568797279	2002.6417282099	752_9215_2
282	Spectrogram 1	1	9220.68258240281	9220.91340057608	465.524845837545	1853.88848152871	752_9220_1
283	Spectrogram 1	1	9224.72594931878	9224.91428539373	415.940430277146	2614.18285345482	752_9220_2
284	Spectrogram 1	1	9227.04545325464	9227.2100186434	448.996707317412	2349.73263713269	752_9225_1
285	Spectrogram 1	1	9229.64174524631	9229.76590623655	515.109261397944	1969.58545116964	752_9225_2
286	Spectrogram 1	1	9233.65631385382	9233.82295694239	548.165538438209	2234.03566749176	752_9230_1
287	Spectrogram 1	1	9236.96940437822	9237.10621961053	482.052984357678	2300.14822157229	752_9235_1
288	Spectrogram 1	1	9241.54905508478	9241.72383304324	382.88415323688	2234.03566749176	752_9240_1
289	Spectrogram 1	1	9243.36413620014	9243.55600744818	465.524845837545	2267.09194453203	752_9240_2
290	Spectrogram 1	1	9245.40206648071	9245.59582580225	614.278092518741	2465.42960677362	752_9245_1
291	Spectrogram 1	1	9267.22676877331	9267.36358400561	399.412291757013	2019.16986673004	752_9265_1
292	Spectrogram 1	1	9291.41556510733	9291.61556200378	415.940430277146	2366.26077565283	752_9290_1
293	Spectrogram 1	1	9338.2533983276	9338.3956368065	382.88415323688	1986.11358968977	752_9335_1
294	Spectrogram 1	1	9406.0515581102	9406.25164455277	432.468568797279	2002.6417282099	752_9405_1
295	Spectrogram 1	1	9473.74425573793	9473.91972312906	515.109261397944	2696.82354605548	752_9470_1
296	Spectrogram 1	1	9531.74764029424	9531.95224610897	515.109261397944	2300.14822157229	752_9530_1
297	Spectrogram 1	1	9538.92668169919	9539.09694028549	349.827876196615	2762.93610013602	752_9535_1
298	Spectrogram 1	1	9546.59707683244	9546.78812453069	498.58112287781	2531.54216085416	752_9545_1
299	Spectrogram 1	1	9553.34267643844	9553.50118465712	432.468568797279	2415.84519121323	752_9550_1
300	Spectrogram 1	1	9559.97715822725	9560.15898511976	382.88415323688	2068.75428229043	752_9560_1
301	Spectrogram 1	1	9562.1097342144	9562.29987803821	349.827876196615	2151.3949748911	752_9560_2
302	Spectrogram 1	1	9568.2914774565	9568.44637017745	382.88415323688	2167.92311341123	752_9565_1
303	Spectrogram 1	1	9570.48898217649	9570.67551050257	184.546490995286	2283.62008305216	752_9570_1
304	Spectrogram 1	1	9572.20038181065	9572.35346678274	300.243460636216	2151.3949748911	752_9570_2
305	Spectrogram 1	1	9673.67030672743	9673.8984132774	415.940430277146	2415.84519121323	752_9670_1
306	Spectrogram 1	1	9702.49797878541	9702.83726189057	531.637399918076	2977.80190089774	752_9700_1
307	Spectrogram 1	1	9710.19994781609	9710.55369291216	465.524845837545	3473.64605650173	752_9710_1
308	Spectrogram 1	1	9711.31364032275	9711.55711273808	498.58112287781	3060.44259349841	752_9710_2
309	Spectrogram 1	1	9717.24178192409	9717.45994585531	515.109261397944	3176.13956313934	752_9715_1
310	Spectrogram 1	1	9811.53721597868	9811.92076293642	316.771599156349	2101.8105593307	752_9810_1
311	Spectrogram 1	1	9867.37415500083	9867.546221336	448.996707317412	2333.20449861256	752_9865_1
312	Spectrogram 1	1	11028.2026067553	11028.3782885882	399.412291757013	2647.23913049509	752_11025_1
313	Spectrogram 1	1	11031.1845405482	11031.3981851072	531.637399918076	2415.84519121323	752_11030_1
314	Spectrogram 1	1	11036.7250932523	11036.8860246403	382.88415323688	2647.23913049509	752_11035_1
315	Spectrogram 1	1	11043.9651682377	11044.1742934246	465.524845837545	2663.76726901522	752_11040_1
316	Spectrogram 1	1	11046.78488789	11046.9871642565	432.468568797279	2481.95774529376	752_11045_1
317	Spectrogram 1	1	11049.9778106827	11050.2438799588	349.827876196615	2647.23913049509	752_11050_1
318	Spectrogram 1	1	11054.9059579638	11055.3528162051	482.052984357678	2680.29540753535	752_11050_2
319	Spectrogram 1	1	11057.3398386262	11057.5254630779	498.58112287781	2432.37332973336	752_11055_1
320	Spectrogram 1	1	11060.9780532743	11061.1356576186	465.524845837545	2498.48588381389	752_11060_1
321	Spectrogram 1	1	11063.9009658055	11064.0802631361	465.524845837545	2085.28242081057	752_11060_2
322	Spectrogram 1	1	11314.9673442516	11315.0652928833	581.221815478475	2366.26077565283	752_11315_1
323	Spectrogram 1	1	11315.4902079116	11315.5637519337	564.693676958342	2415.84519121323	752_11315_2
324	Spectrogram 1	1	11316.0431322334	11316.1058297623	630.806231038874	2614.18285345482	752_11315_3
325	Spectrogram 1	1	11324.4477843222	11325.2935401164	564.693676958342	2961.27376237761	752_11320_1
326	Spectrogram 1	1	11325.4525717916	11326.0747376243	515.109261397944	2481.95774529376	752_11325_1
327	Spectrogram 1	1	11326.2935606946	11326.8938135271	531.637399918076	2448.90146825349	752_11325_2
328	Spectrogram 1	1	11327.1343851665	11327.5671514672	597.749953998608	2581.12657641455	752_11325_3
329	Spectrogram 1	1	11328.03547782	11328.5991091268	515.109261397944	2498.48588381389	752_11325_4
330	Spectrogram 1	1	11609.92570432	11610.0462498125	564.693676958342	2647.23913049509	752_11610_1
331	Spectrogram 1	1	11610.4860446801	11610.6052945543	746.503200679804	3043.91445497827	752_11610_2
332	Spectrogram 1	1	11611.1200744566	11611.1674061201	581.221815478475	2382.78891417296	752_11610_3
333	Spectrogram 1	1	11611.9772755888	11612.1800736546	548.165538438209	2795.99237717628	752_11610_4
334	Spectrogram 1	1	11612.5809914829	11612.6997292266	663.862508079139	2481.95774529376	752_11610_5
335	Spectrogram 1	1	11614.5847122678	11614.7438266554	581.221815478475	2548.07029937429	752_11610_6
336	Spectrogram 1	1	11615.703049654	11615.918501962	763.031339199937	3027.38631645814	752_11615_1
337	Spectrogram 1	1	11616.2734865927	11616.383001504	581.221815478475	2349.73263713269	752_11615_2
338	Spectrogram 1	1	11616.8528448289	11617.0034774694	448.996707317412	2729.87982309575	752_11615_3
339	Spectrogram 1	1	11617.9268156633	11618.1232866081	581.221815478475	2680.29540753535	752_11615_4
340	Spectrogram 1	1	11618.4941437747	11618.6210163882	812.615754760335	2614.18285345482	752_11615_5
341	Spectrogram 1	1	11619.9223833354	11619.9905041109	581.221815478475	2647.23913049509	752_11620_1
342	Spectrogram 1	1	11620.4735947914	11620.6345974161	729.975062159671	2647.23913049509	752_11620_2
343	Spectrogram 1	1	11621.0181144018	11621.2421721281	531.637399918076	2630.71099197495	752_11620_3
344	Spectrogram 1	1	11621.584760869	11621.7669973423	432.468568797279	2564.59843789442	752_11620_4
345	Spectrogram 1	1	11622.1038726948	11622.2774369634	663.862508079139	2680.29540753535	752_11620_5
346	Spectrogram 1	1	11622.6274411497	11622.8693956981	498.58112287781	2333.20449861256	752_11620_6
347	Spectrogram 1	1	11623.2672430957	11623.4338697003	482.052984357678	2696.82354605548	752_11620_7
348	Spectrogram 1	1	11624.8268988794	11624.9384964563	399.412291757013	2829.04865421655	752_11625_1
349	Spectrogram 1	1	11625.5208232396	11625.6666772162	647.334369559006	2696.82354605548	752_11625_2
350	Spectrogram 1	1	11626.0716177824	11626.1531127326	581.221815478475	2630.71099197495	752_11625_3
351	Spectrogram 1	1	11627.5244832859	11627.6588858829	663.862508079139	2680.29540753535	752_11625_4
352	Spectrogram 1	1	11629.0042676438	11629.0895620334	581.221815478475	2465.42960677362	752_11625_5
353	Spectrogram 1	1	11629.5268454495	11629.5869333156	680.390646599272	2630.71099197495	752_11625_6
354	Spectrogram 1	1	11708.6631682935	11708.8153493912	498.58112287781	2316.67636009243	752_11705_1
355	Spectrogram 1	1	11709.1669033339	11709.2784100821	465.524845837545	2548.07029937429	752_11705_2
356	Spectrogram 1	1	11709.6722439397	11709.7623123123	680.390646599272	2614.18285345482	752_11705_3
357	Spectrogram 1	1	11710.4481640768	11710.5397855874	465.524845837545	2614.18285345482	752_11710_1
358	Spectrogram 1	1	11710.8903298454	11711.0176467261	515.109261397944	2481.95774529376	752_11710_2
359	Spectrogram 1	1	11895.2792214988	11895.800916387	399.412291757013	2415.84519121323	752_11895_1
360	Spectrogram 1	1	11896.0631297818	11896.6139372394	515.109261397944	2300.14822157229	752_11895_2
361	Spectrogram 1	1	11896.871491356	11897.395657655	465.524845837545	2399.31705269309	752_11895_3
362	Spectrogram 1	1	11915.2797100151	11915.7111783379	647.334369559006	2713.35168457562	752_11915_1
363	Spectrogram 1	1	11916.0568214685	11916.4344947357	482.052984357678	2696.82354605548	752_11915_2
364	Spectrogram 1	1	11927.5071953343	11927.763519243	531.637399918076	3490.17419502186	752_11925_1
365	Spectrogram 1	1	11928.2651178414	11928.5700537181	663.862508079139	3291.83653278027	752_11925_2
366	Spectrogram 1	1	11949.5869540517	11950.2328902862	581.221815478475	2597.65471493469	752_11945_1
367	Spectrogram 1	1	11950.504561215	11950.8044931332	564.693676958342	2515.01402233402	752_11950_1
368	Spectrogram 1	1	11958.2067256608	11958.5139196829	531.637399918076	2762.93610013602	752_11955_1
369	Spectrogram 1	1	11958.9565076028	11959.164681001	564.693676958342	2614.18285345482	752_11955_2
370	Spectrogram 1	1	11979.4774488493	11979.958158169	482.052984357678	2713.35168457562	752_11975_1
371	Spectrogram 1	1	11980.2424724357	11980.769310708	581.221815478475	2862.10493125681	752_11980_1
372	Spectrogram 1	1	12000.9673785095	12001.4121502755	531.637399918076	2696.82354605548	752_12000_1
373	Spectrogram 1	1	12001.7369465834	12002.1348216073	465.524845837545	2696.82354605548	752_12000_2
374	Spectrogram 1	1	12050.3098588923	12050.8032893951	382.88415323688	2696.82354605548	752_12050_1
375	Spectrogram 1	1	12051.0866469662	12051.6574178094	382.88415323688	2515.01402233402	752_12050_2
376	Spectrogram 1	1	12109.364654539	12109.7032127985	630.806231038874	2531.54216085416	752_12105_1
377	Spectrogram 1	1	12110.1020211184	12110.6059285542	415.940430277146	2564.59843789442	752_12110_1
378	Spectrogram 1	1	12110.8435931557	12111.4244322811	515.109261397944	2548.07029937429	752_12110_2
379	Spectrogram 1	1	12229.8009531144	12230.0847088603	531.637399918076	2713.35168457562	752_12230_1
380	Spectrogram 1	1	12230.5327102583	12231.0284307567	498.58112287781	2415.84519121323	752_12230_2
381	Spectrogram 1	1	12231.28207277	12231.7869543092	482.052984357678	2366.26077565283	752_12230_3
382	Spectrogram 1	1	12244.1485789033	12244.6173342709	498.58112287781	2630.71099197495	752_12240_1
383	Spectrogram 1	1	12244.9019955445	12245.4858432287	597.749953998608	2432.37332973336	752_12245_1
384	Spectrogram 1	1	12412.8236360529	12413.0306102743	564.693676958342	2564.59843789442	752_12410_1
385	Spectrogram 1	1	12419.5339477632	12419.7147114399	432.468568797279	2465.42960677362	752_12415_1
386	Spectrogram 1	1	12427.7555869988	12428.0836641924	316.771599156349	2498.48588381389	752_12425_1
387	Spectrogram 1	1	12441.519199881	12441.5728586655	498.58112287781	2399.31705269309	752_12440_1
388	Spectrogram 1	1	12442.6635350631	12442.7849844301	531.637399918076	2515.01402233402	752_12440_2
389	Spectrogram 1	1	13108.4388379798	13109.006766918	415.940430277146	2531.54216085416	752_13105_1
390	Spectrogram 1	1	13109.2837978457	13109.8692335916	415.940430277146	2515.01402233402	752_13105_2
391	Spectrogram 1	1	13110.1819432169	13110.8012122091	548.165538438209	2531.54216085416	752_13110_1
392	Spectrogram 1	1	13111.1089033129	13111.7411597099	349.827876196615	2531.54216085416	752_13110_2
393	Spectrogram 1	1	13125.4937251649	13126.0803233228	465.524845837545	2531.54216085416	752_13125_1
394	Spectrogram 1	1	13126.3699516494	13126.9742665746	465.524845837545	2498.48588381389	752_13125_2
395	Spectrogram 1	1	13157.4610830039	13158.0347304992	498.58112287781	2465.42960677362	752_13155_1
396	Spectrogram 1	1	13158.3371456478	13158.9240356232	531.637399918076	2481.95774529376	752_13155_2
397	Spectrogram 1	1	13159.3153104235	13159.9109257754	531.637399918076	2564.59843789442	752_13155_3
398	Spectrogram 1	1	13405.3692555404	13405.9558536983	581.221815478475	2564.59843789442	752_13405_1
399	Spectrogram 1	1	13406.244083788	13406.8531226686	482.052984357678	2366.26077565283	752_13405_2
400	Spectrogram 1	1	13913.1629185842	13913.5724511272	349.827876196615	2531.54216085416	752_13910_1
401	Spectrogram 1	1	13919.2290818405	13919.6338459984	415.940430277146	2448.90146825349	752_13915_1
402	Spectrogram 1	1	14156.8174279346	14156.9957165997	399.412291757013	1953.0573126495	752_14155_1
403	Spectrogram 1	1	14157.5003114216	14157.723371923	531.637399918076	2234.03566749176	752_14155_2
404	Spectrogram 1	1	14158.4742968003	14158.6795860757	482.052984357678	2713.35168457562	752_14155_3
405	Spectrogram 1	1	14158.9248483886	14159.1244748058	614.278092518741	2845.57679273668	752_14155_4
406	Spectrogram 1	1	14445.9425657112	14446.3250513585	581.221815478475	2316.67636009243	752_14445_1
407	Spectrogram 1	1	14512.0648339587	14512.3528038514	498.58112287781	2349.73263713269	752_14510_1
408	Spectrogram 1	1	14516.6561200271	14516.9544770746	415.940430277146	2085.28242081057	752_14515_1
409	Spectrogram 1	1	14520.8766401019	14521.2337928909	581.221815478475	2581.12657641455	752_14520_1
410	Spectrogram 1	1	14524.4382848353	14524.6747272106	614.278092518741	2316.67636009243	752_14520_2
411	Spectrogram 1	1	14529.1402862897	14529.5153231651	465.524845837545	2366.26077565283	752_14525_1
412	Spectrogram 1	1	14546.0458661919	14546.3092931128	432.468568797279	2283.62008305216	752_14545_1
413	Spectrogram 1	1	14625.930647483	14626.8024493066	515.109261397944	2680.29540753535	752_14625_1
414	Spectrogram 1	1	14627.2753549887	14627.9633435881	432.468568797279	2614.18285345482	752_14625_2
415	Spectrogram 1	1	14760.9070307626	14761.042038246	465.524845837545	1953.0573126495	752_14760_1
416	Spectrogram 1	1	14761.5497570076	14761.672110249	482.052984357678	2283.62008305216	752_14760_2
417	Spectrogram 1	1	14876.2478770947	14876.5482472048	432.468568797279	2366.26077565283	752_14875_1
418	Spectrogram 1	1	14949.0399527415	14949.3696042607	531.637399918076	2085.28242081057	752_14945_1
419	Spectrogram 1	1	14952.4177780806	14952.7755898988	482.052984357678	2349.73263713269	752_14950_1
420	Spectrogram 1	1	14958.3530279037	14958.6636666204	482.052984357678	2283.62008305216	752_14955_1
421	Spectrogram 1	1	14962.9237078342	14963.229279171	663.862508079139	2283.62008305216	752_14960_1
422	Spectrogram 1	1	14968.495228926	14968.8329469154	382.88415323688	2167.92311341123	752_14965_1
423	Spectrogram 1	1	14977.5986411839	14977.9400874478	564.693676958342	2515.01402233402	752_14975_1
424	Spectrogram 1	1	15552.3697012821	15552.7400526786	498.58112287781	2812.52051569641	752_15550_1
425	Spectrogram 1	1	15553.2213762548	15553.5867346008	614.278092518741	2977.80190089774	752_15550_2
426	Spectrogram 1	1	15554.068265461	15554.4411133827	713.446923639538	3110.02700905881	752_15550_3
427	Spectrogram 1	1	15591.2856236024	15591.6680267172	581.221815478475	3043.91445497827	752_15590_1
428	Spectrogram 1	1	15592.1508855743	15592.5257706373	647.334369559006	3110.02700905881	752_15590_2
429	Spectrogram 1	1	15593.0445870956	15593.4232311845	581.221815478475	3110.02700905881	752_15590_3
430	Spectrogram 1	1	15623.7809760085	15624.1500791423	548.165538438209	3060.44259349841	752_15620_1
431	Spectrogram 1	1	15624.6939043114	15625.0583065543	597.749953998608	3291.83653278027	752_15620_2
432	Spectrogram 1	1	15775.0846200227	15775.2901742829	548.165538438209	2415.84519121323	752_15775_1
433	Spectrogram 1	1	16136.5368664537	16136.7143560355	465.524845837545	2548.07029937429	752_16135_1
434	Spectrogram 1	1	16401.7958948474	16401.9173442143	432.468568797279	2481.95774529376	752_16400_1
435	Spectrogram 1	1	16402.3443215191	16402.4480173946	498.58112287781	2680.29540753535	752_16400_2
436	Spectrogram 1	1	16402.975683084	16403.0781510879	382.88415323688	2366.26077565283	752_16400_3
437	Spectrogram 1	1	16403.5412034465	16403.6599411902	300.243460636216	2481.95774529376	752_16400_4
438	Spectrogram 1	1	16404.3381395049	16404.457781123	482.052984357678	2630.71099197495	752_16400_5
439	Spectrogram 1	1	16404.8163641095	16404.9034662481	614.278092518741	2498.48588381389	752_16400_6
440	Spectrogram 1	1	16405.3983345802	16405.4628398579	663.862508079139	2713.35168457562	752_16405_1
441	Spectrogram 1	1	16405.969866408	16406.0960591977	779.55947772007	2548.07029937429	752_16405_2
442	Spectrogram 1	1	16406.5626132013	16406.5954828738	597.749953998608	2465.42960677362	752_16405_3
443	Spectrogram 1	1	16407.0446310499	16407.1202188518	498.58112287781	2366.26077565283	752_16405_4
444	Spectrogram 1	1	16407.5504652102	16407.6502215908	564.693676958342	2548.07029937429	752_16405_5
445	Spectrogram 1	1	16407.9806133721	16408.149968084	564.693676958342	2762.93610013602	752_16405_6
446	Spectrogram 1	1	16408.3578676997	16408.4702783223	531.637399918076	2696.82354605548	752_16405_7
447	Spectrogram 1	1	16408.7496015215	16408.8442123951	482.052984357678	2515.01402233402	752_16405_8
448	Spectrogram 1	1	16409.150253532	16409.2129510609	498.58112287781	2548.07029937429	752_16405_9
449	Spectrogram 1	1	16469.5077846526	16469.7860636434	614.278092518741	2928.21748533734	752_16465_1
450	Spectrogram 1	1	16470.1388395758	16470.2934114624	498.58112287781	2812.52051569641	752_16470_1
451	Spectrogram 1	1	16470.9887833648	16471.2982386136	515.109261397944	3110.02700905881	752_16470_2
452	Spectrogram 1	1	16471.612794795	16471.9897283989	581.221815478475	2647.23913049509	752_16470_3
453	Spectrogram 1	1	16472.1372129895	16472.3644827504	515.109261397944	2498.48588381389	752_16470_4
454	Spectrogram 1	1	16472.6404066094	16472.886083109	696.918785119405	2399.31705269309	752_16470_5
455	Spectrogram 1	1	16473.1810794194	16473.4379840306	647.334369559006	2448.90146825349	752_16470_6
456	Spectrogram 1	1	16473.7523048224	16473.9374250877	663.862508079139	2481.95774529376	752_16470_7
457	Spectrogram 1	1	16474.3656203149	16474.5582408677	663.862508079139	2564.59843789442	752_16470_8
458	Spectrogram 1	1	16474.900872088	16475.1524369199	663.862508079139	2680.29540753535	752_16475_1
459	Spectrogram 1	1	16475.4498348554	16475.6628273839	663.862508079139	2316.67636009243	752_16475_2
460	Spectrogram 1	1	16476.0366373143	16476.1843793862	630.806231038874	2663.76726901522	752_16475_3
461	Spectrogram 1	1	16486.37837358	16486.4907842026	564.693676958342	2581.12657641455	752_16485_1
462	Spectrogram 1	1	16486.8663961119	16486.9842961413	597.749953998608	2581.12657641455	752_16485_2
463	Spectrogram 1	1	16487.2963719005	16487.4235878327	415.940430277146	2333.20449861256	752_16485_3
464	Spectrogram 1	1	16487.6701261208	16487.8107979269	300.243460636216	2465.42960677362	752_16485_4
465	Spectrogram 1	1	16488.1216538355	16488.2551968654	399.412291757013	2928.21748533734	752_16485_5
466	Spectrogram 1	1	16488.6245796756	16488.8010374269	482.052984357678	2647.23913049509	752_16485_6
467	Spectrogram 1	1	16530.6459900859	16531.1814738544	630.806231038874	2878.63306977695	752_16530_1
468	Spectrogram 1	1	16549.8889186496	16550.2364419925	614.278092518741	2713.35168457562	752_16550_1
469	Spectrogram 1	1	16558.3287895683	16558.8373363437	548.165538438209	3357.9490868608	752_16555_1
470	Spectrogram 1	1	16921.4379135224	16921.7925220672	498.58112287781	2465.42960677362	752_16920_1
471	Spectrogram 1	1	16921.9680188563	16922.2786677339	564.693676958342	2729.87982309575	752_16920_2
472	Spectrogram 1	1	16922.8340928366	16923.0712681693	630.806231038874	2779.46423865615	752_16920_3
473	Spectrogram 1	1	16923.3422611543	16923.5837609015	548.165538438209	2448.90146825349	752_16920_4
474	Spectrogram 1	1	16923.7893989537	16924.0099114944	482.052984357678	2515.01402233402	752_16920_5
475	Spectrogram 1	1	16924.2468916439	16924.4449224636	597.749953998608	2515.01402233402	752_16920_6
476	Spectrogram 1	1	16924.7337387238	16925.0560015183	465.524845837545	2614.18285345482	752_16920_7
477	Spectrogram 1	1	16925.3422945206	16925.5527804759	581.221815478475	2415.84519121323	752_16925_1
478	Spectrogram 1	1	16925.9487672603	16926.1559861867	763.031339199937	2234.03566749176	752_16925_2
479	Spectrogram 1	1	16926.6057891036	16926.741466772	729.975062159671	2878.63306977695	752_16925_3
480	Spectrogram 1	1	16927.5104598949	16927.59521889	531.637399918076	2597.65471493469	752_16925_4
481	Spectrogram 1	1	16931.3225190225	16931.516875639	713.446923639538	2597.65471493469	752_16930_1
482	Spectrogram 1	1	16932.0022491184	16932.2253228891	614.278092518741	2333.20449861256	752_16930_2
483	Spectrogram 1	1	16933.3204833464	16933.5418320562	597.749953998608	2448.90146825349	752_16930_3
484	Spectrogram 1	1	17210.1891331995	17210.4224129416	415.940430277146	2564.59843789442	752_17210_1
485	Spectrogram 1	1	17211.1456762309	17211.4036387877	515.109261397944	2267.09194453203	752_17210_2
486	Spectrogram 1	1	17216.3280992421	17216.4797459713	498.58112287781	2316.67636009243	752_17215_1
487	Spectrogram 1	1	17276.6138846443	17276.9879521528	614.278092518741	2614.18285345482	752_17275_1
488	Spectrogram 1	1	17277.4378012095	17277.8222195081	531.637399918076	2680.29540753535	752_17275_2
489	Spectrogram 1	1	17285.4368336385	17285.8837839187	548.165538438209	2812.52051569641	752_17285_1
490	Spectrogram 1	1	17286.2751688759	17286.7286877418	581.221815478475	3110.02700905881	752_17285_2
491	Spectrogram 1	1	17316.6690569694	17317.051890992	465.524845837545	3159.6114246192	752_17315_1
492	Spectrogram 1	1	17317.5280850106	17317.8992100322	465.524845837545	3176.13956313934	752_17315_2
493	Spectrogram 1	1	17342.0008911469	17342.3883062964	482.052984357678	3242.25211721987	752_17340_1
494	Spectrogram 1	1	17342.8495348669	17343.2281789559	548.165538438209	3324.89280982053	752_17340_2
495	Spectrogram 1	1	17356.2952613778	17356.6824754826	597.749953998608	3110.02700905881	752_17355_1
496	Spectrogram 1	1	17357.1725158609	17357.561184019	548.165538438209	3209.1958401796	752_17355_2
497	Spectrogram 1	1	17373.7536201521	17374.1164819728	564.693676958342	3043.91445497827	752_17370_1
498	Spectrogram 1	1	17374.6052019131	17374.9593394058	630.806231038874	3357.9490868608	752_17370_2
499	Spectrogram 1	1	17375.4796461086	17375.859983606	597.749953998608	3110.02700905881	752_17375_1
500	Spectrogram 1	1	17414.2055652322	17414.5646822651	448.996707317412	3076.97073201854	752_17410_1
501	Spectrogram 1	1	17415.0919222156	17415.4947557906	597.749953998608	3126.55514757894	752_17415_1
502	Spectrogram 1	1	17741.5861065252	17741.9710486291	349.827876196615	2498.48588381389	752_17740_1
503	Spectrogram 1	1	18086.9984837773	18087.3348523369	300.243460636216	2481.95774529376	752_18085_1
504	Spectrogram 1	1	18096.8956254265	18097.310018339	366.356014716747	2597.65471493469	752_18095_1
505	Spectrogram 1	1	18141.2285138387	18141.5314006989	448.996707317412	3043.91445497827	752_18140_1
506	Spectrogram 1	1	18144.8869959774	18145.2455795976	482.052984357678	2548.07029937429	752_18140_2
507	Spectrogram 1	1	18150.4608892247	18150.8730066356	201.074629515419	2531.54216085416	752_18150_1
508	Spectrogram 1	1	18153.8113052023	18154.0411031291	349.827876196615	2564.59843789442	752_18150_2
509	Spectrogram 1	1	18157.6310289446	18157.9231683371	366.356014716747	2597.65471493469	752_18155_1
510	Spectrogram 1	1	18287.4399739272	18287.8406014195	498.58112287781	2515.01402233402	752_18285_1
511	Spectrogram 1	1	18682.5140755868	18682.8412554622	316.771599156349	2366.26077565283	752_18680_1
512	Spectrogram 1	1	18687.3713635284	18687.7580839537	366.356014716747	2019.16986673004	752_18685_1
513	Spectrogram 1	1	18692.0516682975	18692.3819430993	564.693676958342	2614.18285345482	752_18690_1
514	Spectrogram 1	1	19089.3919545938	19089.6319118408	482.052984357678	2746.40796161588	752_19085_1
515	Spectrogram 1	1	19595.1336487164	19595.4000602158	415.940430277146	2663.76726901522	752_19595_1
516	Spectrogram 1	1	19595.804009835	19596.0213195517	614.278092518741	2481.95774529376	752_19595_2
517	Spectrogram 1	1	19596.5584429556	19596.779068291	548.165538438209	2696.82354605548	752_19595_3
518	Spectrogram 1	1	19597.2263333388	19597.4667211953	498.58112287781	2680.29540753535	752_19595_4
519	Spectrogram 1	1	19706.1530248521	19706.401920514	300.243460636216	2366.26077565283	752_19705_1
520	Spectrogram 1	1	19706.7571011945	19706.8626140705	713.446923639538	2448.90146825349	752_19705_2
521	Spectrogram 1	1	19707.2069143896	19707.463041047	531.637399918076	2481.95774529376	752_19705_3
522	Spectrogram 1	1	19707.7455513247	19707.9673307536	548.165538438209	2548.07029937429	752_19705_4
523	Spectrogram 1	1	19708.3028980899	19708.436341093	548.165538438209	2366.26077565283	752_19705_5
524	Spectrogram 1	1	19708.8957486801	19709.0283268755	746.503200679804	2630.71099197495	752_19705_6
525	Spectrogram 1	1	19709.4331822624	19709.5803413894	630.806231038874	2581.12657641455	752_19705_7
526	Spectrogram 1	1	19710.0555712314	19710.1499043654	581.221815478475	1969.58545116964	752_19710_1
527	Spectrogram 1	1	19710.5953757002	19710.7114018205	630.806231038874	2564.59843789442	752_19710_2
528	Spectrogram 1	1	19711.3032973071	19711.3623793382	630.806231038874	2167.92311341123	752_19710_3
529	Spectrogram 1	1	19714.072406444	19714.1679258177	663.862508079139	2630.71099197495	752_19710_4
530	Spectrogram 1	1	19714.5015044653	19714.6374158232	515.109261397944	2729.87982309575	752_19710_5
531	Spectrogram 1	1	19715.4697988618	19715.5831133588	415.940430277146	2498.48588381389	752_19715_1
532	Spectrogram 1	1	19716.5302209783	19716.6308812333	465.524845837545	2465.42960677362	752_19715_2
533	Spectrogram 1	1	19717.2808848365	19717.4095651989	630.806231038874	2663.76726901522	752_19715_3
534	Spectrogram 1	1	19717.8061382591	19717.9158372585	482.052984357678	2746.40796161588	752_19715_4
535	Spectrogram 1	1	19718.4347825753	19718.5571358167	548.165538438209	2713.35168457562	752_19715_5
536	Spectrogram 1	1	19719.2093161655	19719.3157375416	448.996707317412	2680.29540753535	752_19715_6
537	Spectrogram 1	1	19720.100559495	19720.1596415262	482.052984357678	2647.23913049509	752_19720_1
538	Spectrogram 1	1	19720.6176677965	19720.748618678	399.412291757013	2531.54216085416	752_19720_2
539	Spectrogram 1	1	19721.5030041598	19721.5790259051	432.468568797279	2812.52051569641	752_19720_3
540	Spectrogram 1	1	19722.055388852	19722.2111854474	399.412291757013	2762.93610013602	752_19720_4
541	Spectrogram 1	1	19727.8608089885	19727.9135638986	498.58112287781	2101.8105593307	752_19725_1
542	Spectrogram 1	1	19728.4265895041	19728.554365992	349.827876196615	2795.99237717628	752_19725_2
543	Spectrogram 1	1	19756.1009309942	19756.3162165842	366.356014716747	2647.23913049509	752_19755_1
544	Spectrogram 1	1	19756.6143598031	19756.8363096029	448.996707317412	2614.18285345482	752_19755_2
545	Spectrogram 1	1	19758.0275647505	19758.2765213733	448.996707317412	2663.76726901522	752_19755_3
546	Spectrogram 1	1	19802.6683521592	19802.8959575913	349.827876196615	2250.5638060119	752_19800_1
547	Spectrogram 1	1	19843.023219954	19843.1738569072	250.659045075817	2432.37332973336	752_19840_1
548	Spectrogram 1	1	19844.2827753045	19844.4930555663	399.412291757013	2746.40796161588	752_19840_2
549	Spectrogram 1	1	19844.770382586	19844.9790028756	465.524845837545	2531.54216085416	752_19840_3
550	Spectrogram 1	1	19845.3682024922	19845.6032374292	531.637399918076	2614.18285345482	752_19845_1
551	Spectrogram 1	1	19846.6024765949	19846.7969986446	564.693676958342	2762.93610013602	752_19845_2
552	Spectrogram 1	1	19849.8577058221	19850.1791212264	515.109261397944	2531.54216085416	752_19845_3
553	Spectrogram 1	1	19850.3876701843	19850.5068105632	614.278092518741	2316.67636009243	752_19850_1
554	Spectrogram 1	1	19850.7918895014	19850.8880303843	482.052984357678	2564.59843789442	752_19850_2
555	Spectrogram 1	1	19851.1715191216	19851.3478950129	482.052984357678	2581.12657641455	752_19850_3
556	Spectrogram 1	1	19851.6104084062	19851.7422677878	581.221815478475	2581.12657641455	752_19850_4
557	Spectrogram 1	1	19852.2411725629	19852.3680451764	465.524845837545	2465.42960677362	752_19850_5
558	Spectrogram 1	1	19852.8068675295	19852.927413022	515.109261397944	2614.18285345482	752_19850_6
559	Spectrogram 1	1	19853.3662627226	19853.4325757491	597.749953998608	2531.54216085416	752_19850_7
560	Spectrogram 1	1	19853.8630254374	19854.0129354482	696.918785119405	2663.76726901522	752_19850_8
561	Spectrogram 1	1	19854.3642556007	19854.503382984	399.412291757013	2795.99237717628	752_19850_9
562	Spectrogram 1	1	19854.8461596717	19855.1143591709	465.524845837545	2382.78891417296	752_19850_10
563	Spectrogram 1	1	19855.3497117894	19855.5192381736	465.524845837545	2200.9793904515	752_19855_1
564	Spectrogram 1	1	19855.8142289882	19855.9561948743	597.749953998608	2415.84519121323	752_19855_2
565	Spectrogram 1	1	19856.2431920928	19856.3840962908	548.165538438209	2597.65471493469	752_19855_3
566	Spectrogram 1	1	19856.7387850934	19856.8796892913	515.109261397944	2481.95774529376	752_19855_4
567	Spectrogram 1	1	19857.207844609	19857.3069195092	680.390646599272	2597.65471493469	752_19855_5
568	Spectrogram 1	1	19860.0090950892	19860.1697210465	564.693676958342	2614.18285345482	752_19860_1
569	Spectrogram 1	1	19860.6929853585	19860.845052782	597.749953998608	2399.31705269309	752_19860_2
570	Spectrogram 1	1	19861.458743623	19861.6720393703	564.693676958342	2548.07029937429	752_19860_3
571	Spectrogram 1	1	19861.9383971264	19862.1408385167	515.109261397944	2696.82354605548	752_19860_4
572	Spectrogram 1	1	19862.8771050036	19863.1198382781	382.88415323688	2829.04865421655	752_19860_5
573	Spectrogram 1	1	19863.4369701683	19863.6964083223	415.940430277146	2729.87982309575	752_19860_6
574	Spectrogram 1	1	19863.9271717187	19864.0698166204	548.165538438209	2795.99237717628	752_19860_7
575	Spectrogram 1	1	19864.4320717796	19864.6293439963	333.299737676482	2564.59843789442	752_19860_8
576	Spectrogram 1	1	19864.9949426621	19865.1740430989	647.334369559006	2779.46423865615	752_19865_1
577	Spectrogram 1	1	19865.5573834028	19865.680292778	498.58112287781	2548.07029937429	752_19865_2
578	Spectrogram 1	1	19866.0888972783	19866.2544465351	729.975062159671	2333.20449861256	752_19865_3
579	Spectrogram 1	1	19866.6235538988	19866.8072533877	729.975062159671	2481.95774529376	752_19865_4
580	Spectrogram 1	1	19867.1363730125	19867.2988972734	713.446923639538	2465.42960677362	752_19865_5
581	Spectrogram 1	1	19867.6949652103	19867.7748363534	680.390646599272	2597.65471493469	752_19865_6
582	Spectrogram 1	1	19868.1921826508	19868.4036809855	581.221815478475	2647.23913049509	752_19865_7
583	Spectrogram 1	1	19868.7449798267	19868.9017367944	597.749953998608	2515.01402233402	752_19865_8
584	Spectrogram 1	1	19869.3056245853	19869.5080352869	630.806231038874	2498.48588381389	752_19865_9
585	Spectrogram 1	1	19869.8442086127	19870.0605028459	597.749953998608	2531.54216085416	752_19865_10
586	Spectrogram 1	1	19900.1958987071	19900.3581789766	680.390646599272	2267.09194453203	752_19900_1
587	Spectrogram 1	1	19900.6735753351	19900.8335851596	597.749953998608	2349.73263713269	752_19900_2
588	Spectrogram 1	1	19901.1538859653	19901.3520780178	647.334369559006	2349.73263713269	752_19900_3
589	Spectrogram 1	1	19901.642589655	19901.7958025729	713.446923639538	2465.42960677362	752_19900_4
590	Spectrogram 1	1	19903.4142041268	19903.5240702057	581.221815478475	2101.8105593307	752_19900_5
591	Spectrogram 1	1	19903.825392415	19904.032080198	614.278092518741	2465.42960677362	752_19900_6
592	Spectrogram 1	1	19904.4040746028	19904.5931051738	614.278092518741	2068.75428229043	752_19900_7
593	Spectrogram 1	1	19907.1625689802	19907.2229059931	415.940430277146	1804.30406596831	752_19905_1
594	Spectrogram 1	1	19907.6006514426	19907.6920651145	630.806231038874	2167.92311341123	752_19905_2
595	Spectrogram 1	1	19908.1283331422	19908.3012251736	597.749953998608	2498.48588381389	752_19905_3
596	Spectrogram 1	1	19908.7497276176	19908.9255715159	696.918785119405	2531.54216085416	752_19905_4
597	Spectrogram 1	1	19909.2741871772	19909.50376446	614.278092518741	2200.9793904515	752_19905_5
598	Spectrogram 1	1	19910.1476305546	19910.3492244312	415.940430277146	1953.0573126495	752_19910_1
599	Spectrogram 1	1	19910.5819478665	19910.762417711	482.052984357678	2382.78891417296	752_19910_2
600	Spectrogram 1	1	19911.0930625874	19911.2139059024	399.412291757013	2779.46423865615	752_19910_3
601	Spectrogram 1	1	19918.5685132237	19918.7749620471	713.446923639538	2729.87982309575	752_19915_1
602	Spectrogram 1	1	19919.2562769653	19919.4064426065	581.221815478475	2399.31705269309	752_19915_2
603	Spectrogram 1	1	19934.4528734899	19934.6809081687	432.468568797279	2895.16120829708	752_19930_1
