Selection	View	Channel	Begin Time (s)	End Time (s)	Low Freq (Hz)	High Freq (Hz)	Annotation
1	Spectrogram 1	1	281.509024456744	281.650359061208	465.524845837545	2316.67636009243	753_280_1
2	Spectrogram 1	1	282.018942867888	282.071697777978	548.165538438209	2035.69800525017	753_280_2
3	Spectrogram 1	1	850.46546707408	850.898219853254	415.940430277146	2002.6417282099	753_850_1
4	Spectrogram 1	1	1342.05118783426	1342.15727133587	564.693676958342	2878.63306977695	753_1340_1
5	Spectrogram 1	1	1554.50283908175	1555.05871038245	630.806231038874	3407.5335024212	753_1550_1
6	Spectrogram 1	1	1564.50415109356	1564.9737210432	482.052984357678	3506.702333542	753_1560_1
7	Spectrogram 1	1	1628.38477646974	1629.09775701421	597.749953998608	2614.18285345482	753_1625_1
8	Spectrogram 1	1	1629.46598397711	1630.06134829537	564.693676958342	2548.07029937429	753_1625_2
9	Spectrogram 1	1	1630.4222345778	1631.06812026637	647.334369559006	2630.71099197495	753_1630_1
10	Spectrogram 1	1	1688.73806996234	1689.0719298209	630.806231038874	2647.23913049509	753_1685_1
11	Spectrogram 1	1	1689.57720214445	1689.76720553873	647.334369559006	2696.82354605548	753_1685_2
12	Spectrogram 1	1	1698.86731699351	1699.04119107754	680.390646599272	3225.72397869974	753_1695_1
13	Spectrogram 1	1	1699.75668046377	1700.01787897328	829.143893280468	3572.81488762253	753_1695_2
14	Spectrogram 1	1	2335.24873319425	2335.50937922379	415.940430277146	2002.6417282099	753_2335_1
15	Spectrogram 1	1	2339.00286730452	2339.19572275163	267.18718359595	2118.33869785083	753_2335_2
16	Spectrogram 1	1	2344.27794469593	2344.51064759948	515.109261397944	2167.92311341123	753_2340_1
17	Spectrogram 1	1	2345.90982152273	2346.20412878832	614.278092518741	2267.09194453203	753_2345_1
18	Spectrogram 1	1	2348.70152067254	2349.01377357164	515.109261397944	2300.14822157229	753_2345_2
19	Spectrogram 1	1	2355.25248833755	2355.66928316527	581.221815478475	2151.3949748911	753_2355_1
20	Spectrogram 1	1	2367.16134999315	2367.51820252687	548.165538438209	2019.16986673004	753_2365_1
21	Spectrogram 1	1	2412.75457604583	2413.10143396321	581.221815478475	2515.01402233402	753_2410_1
22	Spectrogram 1	1	2424.47974650899	2424.79785443939	564.693676958342	2515.01402233402	753_2420_1
23	Spectrogram 1	1	2431.04781941854	2431.33412383372	531.637399918076	2349.73263713269	753_2430_1
24	Spectrogram 1	1	3158.57603970586	3158.84782253663	564.693676958342	2283.62008305216	753_3155_1
25	Spectrogram 1	1	3560.23377824483	3560.35884310951	564.693676958342	2382.78891417296	753_3560_1
26	Spectrogram 1	1	3560.61555194454	3560.71982769728	763.031339199937	2564.59843789442	753_3560_2
27	Spectrogram 1	1	3561.2261287365	3561.74069298543	746.503200679804	2118.33869785083	753_3560_3
28	Spectrogram 1	1	3561.69297307117	3561.76561321877	829.143893280468	2349.73263713269	753_3560_4
29	Spectrogram 1	1	3562.12650041901	3562.20908318537	713.446923639538	2399.31705269309	753_3560_5
30	Spectrogram 1	1	3562.7299253063	3562.83058556131	713.446923639538	2316.67636009243	753_3560_6
31	Spectrogram 1	1	3563.31637367339	3563.37918704007	647.334369559006	2448.90146825349	753_3560_7
32	Spectrogram 1	1	3563.92707809891	3563.99443396658	911.784585881133	2696.82354605548	753_3560_8
33	Spectrogram 1	1	3564.41213729929	3564.50285493554	796.087616240203	2581.12657641455	753_3560_9
34	Spectrogram 1	1	3691.37620679785	3691.56350553589	382.88415323688	2448.90146825349	753_3690_1
35	Spectrogram 1	1	3780.49646789014	3780.86232599112	531.637399918076	3010.85817793801	753_3780_1
36	Spectrogram 1	1	4085.70482165559	4086.56581906236	581.221815478475	2845.57679273668	753_4085_1
37	Spectrogram 1	1	4086.95670135529	4087.61741468468	663.862508079139	2564.59843789442	753_4085_2
38	Spectrogram 1	1	4771.11667550235	4771.51605253942	630.806231038874	2448.90146825349	753_4770_1
39	Spectrogram 1	1	4809.34393642544	4809.64814359162	746.503200679804	2366.26077565283	753_4805_1
40	Spectrogram 1	1	4811.92007517538	4812.25664454661	630.806231038874	2548.07029937429	753_4810_1
41	Spectrogram 1	1	4830.31888427818	4830.72335638167	548.165538438209	2448.90146825349	753_4830_1
42	Spectrogram 1	1	4847.24159650792	4847.60823023652	614.278092518741	2663.76726901522	753_4845_1
43	Spectrogram 1	1	5893.78958105563	5894.0067881906	581.221815478475	2448.90146825349	753_5890_1
44	Spectrogram 1	1	5894.24020865917	5894.44825872875	515.109261397944	2630.71099197495	753_5890_2
45	Spectrogram 1	1	5894.76214906978	5894.93986925884	630.806231038874	2481.95774529376	753_5890_3
46	Spectrogram 1	1	5896.16956436663	5896.34774628673	597.749953998608	2498.48588381389	753_5895_1
47	Spectrogram 1	1	6017.56683689255	6018.10616223181	614.278092518741	2382.78891417296	753_6015_1
48	Spectrogram 1	1	6018.39877351009	6018.95953972915	564.693676958342	2415.84519121323	753_6015_2
49	Spectrogram 1	1	6019.27057932514	6019.83984818411	581.221815478475	2465.42960677362	753_6015_3
50	Spectrogram 1	1	6029.58902484704	6030.1893945951	515.109261397944	2432.37332973336	753_6025_1
51	Spectrogram 1	1	6030.4298448539	6030.99044021585	581.221815478475	2465.42960677362	753_6030_1
52	Spectrogram 1	1	6405.37445378291	6405.51036514078	482.052984357678	2267.09194453203	753_6405_1
53	Spectrogram 1	1	6408.10478636493	6408.23979384837	581.221815478475	2564.59843789442	753_6405_2
54	Spectrogram 1	1	6412.88753872348	6413.24227512404	564.693676958342	2399.31705269309	753_6410_1
55	Spectrogram 1	1	6416.81977442415	6417.18013971962	482.052984357678	2762.93610013602	753_6415_1
56	Spectrogram 1	1	6419.22644281841	6419.55102269302	482.052984357678	2729.87982309575	753_6415_2
57	Spectrogram 1	1	6423.10470384366	6423.46766263285	581.221815478475	2481.95774529376	753_6420_1
58	Spectrogram 1	1	6425.23856418125	6425.53049136201	630.806231038874	2448.90146825349	753_6425_1
59	Spectrogram 1	1	7337.91296256236	7338.2904053146	564.693676958342	2581.12657641455	753_7335_1
60	Spectrogram 1	1	7338.80026332529	7339.19330553566	663.862508079139	2581.12657641455	753_7335_2
61	Spectrogram 1	1	7678.17802160889	7678.56865650114	796.087616240203	2564.59843789442	753_7675_1
62	Spectrogram 1	1	7679.07286044025	7679.49514256458	878.728308840867	2746.40796161588	753_7675_2
63	Spectrogram 1	1	7697.34253907607	7697.81158252663	663.862508079139	2564.59843789442	753_7695_1
64	Spectrogram 1	1	7698.1750374679	7698.62495634158	663.862508079139	2614.18285345482	753_7695_2
65	Spectrogram 1	1	7703.97964077783	7704.40148018653	663.862508079139	2729.87982309575	753_7700_1
66	Spectrogram 1	1	7704.86878529447	7705.31245019866	812.615754760335	2614.18285345482	753_7700_2
67	Spectrogram 1	1	7715.62397460628	7716.02680818124	531.637399918076	2713.35168457562	753_7715_1
68	Spectrogram 1	1	7716.49801879471	7716.88532143883	597.749953998608	2630.71099197495	753_7715_2
69	Spectrogram 1	1	7727.12647179446	7727.49534321496	663.862508079139	2746.40796161588	753_7725_1
70	Spectrogram 1	1	7728.00261782347	7728.50390024602	630.806231038874	2581.12657641455	753_7725_2
71	Spectrogram 1	1	7741.9740334807	7742.37124690012	548.165538438209	2581.12657641455	753_7740_1
72	Spectrogram 1	1	7766.98999773039	7767.37251864717	548.165538438209	2696.82354605548	753_7765_1
73	Spectrogram 1	1	7767.88199487747	7768.25285372135	581.221815478475	2680.29540753535	753_7765_2
74	Spectrogram 1	1	7789.48485108809	7789.86578058482	696.918785119405	2680.29540753535	753_7785_1
75	Spectrogram 1	1	7790.36749714073	7790.79785269004	647.334369559006	2713.35168457562	753_7790_1
76	Spectrogram 1	1	7825.6971242921	7826.09024905301	663.862508079139	2581.12657641455	753_7825_1
77	Spectrogram 1	1	7826.61969189185	7827.11041075862	663.862508079139	2548.07029937429	753_7825_2
78	Spectrogram 1	1	7879.38755745539	7879.77605246097	746.503200679804	2663.76726901522	753_7875_1
79	Spectrogram 1	1	7880.2806571828	7880.69924755762	713.446923639538	2746.40796161588	753_7880_1
80	Spectrogram 1	1	9425.97225347197	9426.11178032757	548.165538438209	2729.87982309575	753_9425_5
81	Spectrogram 1	1	9426.62340559372	9426.61831254014	531.637399918076	2217.50752897163	753_9425_1
82	Spectrogram 1	1	9427.0679813864	9427.1017549334	597.749953998608	2432.37332973336	753_9425_2
83	Spectrogram 1	1	9427.59432030025	9427.82875397125	382.88415323688	2597.65471493469	753_9425_3
84	Spectrogram 1	1	9428.21710617501	9428.16268320463	614.278092518741	2713.35168457562	753_9425_4
85	Spectrogram 1	1	9815.01181855344	9815.3269395662	448.996707317412	2663.76726901522	753_9815_1
86	Spectrogram 1	1	10482.8096679033	10483.0630071125	465.524845837545	2316.67636009243	753_10480_1
87	Spectrogram 1	1	10496.6389288795	10496.9768940544	316.771599156349	1870.41662004884	753_10495_1
88	Spectrogram 1	1	10782.4714786383	10782.7701144256	515.109261397944	2101.8105593307	753_10780_1
89	Spectrogram 1	1	10791.1659516604	10791.5642190645	515.109261397944	1936.52917412937	753_10790_1
90	Spectrogram 1	1	12091.2467105443	12091.533553746	515.109261397944	2448.90146825349	753_12090_1
91	Spectrogram 1	1	14874.7782649964	14874.9150897008	663.862508079139	2184.45125193136	753_14875_1
92	Spectrogram 1	1	14998.0798762696	14998.2753306651	581.221815478475	2614.18285345482	753_14995_1
93	Spectrogram 1	1	14998.8230033051	14998.9562030397	597.749953998608	2250.5638060119	753_14995_2
94	Spectrogram 1	1	15953.1518428329	15953.2762112211	614.278092518741	2267.09194453203	753_15950_1
95	Spectrogram 1	1	15956.9478895023	15957.1741883034	581.221815478475	2597.65471493469	753_15955_1
96	Spectrogram 1	1	16860.6442598101	16860.7606746884	746.503200679804	2630.71099197495	753_16860_1
97	Spectrogram 1	1	16862.4146238923	16862.4773214212	779.55947772007	2399.31705269309	753_16860_2
98	Spectrogram 1	1	16862.9497503061	16863.1624662054	895.256447361	2548.07029937429	753_16860_3
99	Spectrogram 1	1	16863.5456337635	16863.7204117219	763.031339199937	2415.84519121323	753_16860_4
100	Spectrogram 1	1	16864.1785681526	16864.4365025589	663.862508079139	2432.37332973336	753_16860_5
101	Spectrogram 1	1	16864.7330639115	16864.9322464796	763.031339199937	2713.35168457562	753_16860_6
102	Spectrogram 1	1	16865.3415104001	16865.4665752648	515.109261397944	2366.26077565283	753_16865_1
103	Spectrogram 1	1	16865.9531600353	16866.0931959187	812.615754760335	2713.35168457562	753_16865_2
104	Spectrogram 1	1	16866.5722648132	16866.6711173193	746.503200679804	2614.18285345482	753_16865_3
105	Spectrogram 1	1	16867.1423592429	16867.2375962513	829.143893280468	2729.87982309575	753_16865_4
106	Spectrogram 1	1	16867.7595152896	16867.9245937342	713.446923639538	2680.29540753535	753_16865_5
107	Spectrogram 1	1	16868.3537557371	16868.502321337	696.918785119405	2762.93610013602	753_16865_6
108	Spectrogram 1	1	16868.9444064733	16868.9908342623	630.806231038874	2366.26077565283	753_16865_7
109	Spectrogram 1	1	16869.5455580007	16869.6462182557	647.334369559006	2630.71099197495	753_16865_8
110	Spectrogram 1	1	16870.1335063842	16870.2594751233	515.109261397944	2250.5638060119	753_16870_1
111	Spectrogram 1	1	16870.7694398972	16870.9406023579	663.862508079139	2448.90146825349	753_16870_2
112	Spectrogram 1	1	16871.409973816	16871.5272971945	680.390646599272	2498.48588381389	753_16870_3
113	Spectrogram 1	1	16872.0249752346	16872.183181122	713.446923639538	2515.01402233402	753_16870_4
114	Spectrogram 1	1	16872.5839619079	16872.786684305	614.278092518741	2151.3949748911	753_16870_5
115	Spectrogram 1	1	16873.1924039835	16873.3382579601	729.975062159671	2382.78891417296	753_16870_6
116	Spectrogram 1	1	16873.7994135147	16873.9217667561	564.693676958342	2300.14822157229	753_16870_7
117	Spectrogram 1	1	16874.4272121578	16874.5332956594	663.862508079139	2382.78891417296	753_16870_8
118	Spectrogram 1	1	16875.0088916216	16875.1863812034	399.412291757013	2548.07029937429	753_16875_1
119	Spectrogram 1	1	16875.6759334211	16875.8028060346	581.221815478475	2399.31705269309	753_16875_2
120	Spectrogram 1	1	16876.2731138654	16876.4440044948	630.806231038874	2531.54216085416	753_16875_3
121	Spectrogram 1	1	16877.4426439997	16877.5026299053	713.446923639538	2432.37332973336	753_16875_4
122	Spectrogram 1	1	16878.0620603772	16878.1512202496	581.221815478475	2531.54216085416	753_16875_5
123	Spectrogram 1	1	16879.1631440859	16879.3668460262	448.996707317412	2366.26077565283	753_16875_6
124	Spectrogram 1	1	16880.2530614732	16880.3692200541	597.749953998608	2333.20449861256	753_16880_1
125	Spectrogram 1	1	16880.8759771712	16880.9639831841	763.031339199937	2184.45125193136	753_16880_2
126	Spectrogram 1	1	16881.8804150996	16881.9723004726	597.749953998608	2382.78891417296	753_16880_3
127	Spectrogram 1	1	16882.4560275121	16882.5747652557	597.749953998608	2300.14822157229	753_16880_4
128	Spectrogram 1	1	16883.4996502909	16883.6408992135	614.278092518741	2448.90146825349	753_16880_5
129	Spectrogram 1	1	16884.0930492898	16884.2407110153	614.278092518741	2481.95774529376	753_16880_6
130	Spectrogram 1	1	16885.6386685187	16885.7278283911	564.693676958342	2217.50752897163	753_16885_1
131	Spectrogram 1	1	16886.2025525858	16886.3942269399	614.278092518741	2779.46423865615	753_16885_2
132	Spectrogram 1	1	16887.2398810644	16887.4022169982	415.940430277146	2779.46423865615	753_16885_3
133	Spectrogram 1	1	16887.8773388813	16888.0005959972	614.278092518741	2713.35168457562	753_16885_4
134	Spectrogram 1	1	16888.9272376387	16889.0226452326	663.862508079139	2795.99237717628	753_16885_5
135	Spectrogram 1	1	16890.3638127477	16890.5105705988	630.806231038874	2068.75428229043	753_16890_1
136	Spectrogram 1	1	16891.0042382853	16891.0786861818	515.109261397944	2862.10493125681	753_16890_2
137	Spectrogram 1	1	16891.9760180556	16892.0960669347	515.109261397944	2845.57679273668	753_16890_3
138	Spectrogram 1	1	16892.5392307599	16892.6511412322	696.918785119405	3027.38631645814	753_16890_4
139	Spectrogram 1	1	16893.5893495041	16893.6991226793	746.503200679804	3010.85817793801	753_16890_5
140	Spectrogram 1	1	16895.0254490279	16895.0819028932	630.806231038874	2829.04865421655	753_16895_1
141	Spectrogram 1	1	16895.5913212908	16895.7131871703	432.468568797279	2680.29540753535	753_16895_2
142	Spectrogram 1	1	16896.1834620696	16896.3428741627	630.806231038874	2762.93610013602	753_16895_3
143	Spectrogram 1	1	16897.7074139944	16897.8207284914	663.862508079139	2878.63306977695	753_16895_4
144	Spectrogram 1	1	16898.3008590249	16898.4081889013	630.806231038874	2680.29540753535	753_16895_5
145	Spectrogram 1	1	16900.6462171007	16900.7562724776	763.031339199937	2465.42960677362	753_16900_1
146	Spectrogram 1	1	16901.2811660572	16901.4098464196	763.031339199937	2746.40796161588	753_16900_2
147	Spectrogram 1	1	16902.2719624949	16902.3617762567	696.918785119405	2762.93610013602	753_16900_3
148	Spectrogram 1	1	16902.8385591705	16902.9749610532	696.918785119405	2746.40796161588	753_16900_4
149	Spectrogram 1	1	16916.1524994207	16916.3834995067	812.615754760335	2581.12657641455	753_16915_1
150	Spectrogram 1	1	16918.2944852036	16918.5419095585	746.503200679804	2614.18285345482	753_16915_2
151	Spectrogram 1	1	16921.5838405767	16921.6456342311	696.918785119405	2548.07029937429	753_16920_1
152	Spectrogram 1	1	16923.2461126371	16923.4019092325	796.087616240203	2548.07029937429	753_16920_2
153	Spectrogram 1	1	16924.7518124691	16924.9058013156	498.58112287781	2399.31705269309	753_16920_3
154	Spectrogram 1	1	16925.3235493142	16925.5245396312	630.806231038874	2630.71099197495	753_16925_1
155	Spectrogram 1	1	16925.9508914556	16926.0793048062	581.221815478475	2614.18285345482	753_16925_2
156	Spectrogram 1	1	16985.2564195381	16985.6450876962	581.221815478475	3357.9490868608	753_16985_1
157	Spectrogram 1	1	16986.1003634481	16986.4950901484	630.806231038874	3473.64605650173	753_16985_2
158	Spectrogram 1	1	16986.9913991381	16987.3742331607	696.918785119405	3589.34302614266	753_16985_3
159	Spectrogram 1	1	16987.7937620336	16988.0568431294	399.412291757013	3655.45558022319	753_16985_4
160	Spectrogram 1	1	17023.1475879525	17023.5362954081	630.806231038874	3192.66770165947	753_17020_1
161	Spectrogram 1	1	17024.0191131762	17024.4781252011	696.918785119405	3110.02700905881	753_17020_2
162	Spectrogram 1	1	17100.4669561984	17100.8510384836	614.278092518741	3341.42094834067	753_17100_1
163	Spectrogram 1	1	17101.302586524	17101.6836490946	663.862508079139	3374.47722538093	753_17100_2
164	Spectrogram 1	1	17102.1578476744	17102.5412874882	696.918785119405	3225.72397869974	753_17100_3
165	Spectrogram 1	1	17817.4311500235	17818.2418445685	168.018352475153	2399.31705269309	753_17815_1
166	Spectrogram 1	1	18046.6960030488	18046.8707810073	349.827876196615	2515.01402233402	753_18045_1
167	Spectrogram 1	1	18049.0244312963	18049.2471406976	349.827876196615	2465.42960677362	753_18045_2
168	Spectrogram 1	1	18061.3629806416	18061.7345354469	531.637399918076	2432.37332973336	753_18060_1
169	Spectrogram 1	1	18068.8980680004	18069.31099484	564.693676958342	2399.31705269309	753_18065_1
170	Spectrogram 1	1	18075.9850492491	18076.4804262745	382.88415323688	2564.59843789442	753_18075_1
171	Spectrogram 1	1	18088.2176026877	18088.5334810132	399.412291757013	2597.65471493469	753_18085_1
172	Spectrogram 1	1	18100.3477277803	18100.6606899702	531.637399918076	2432.37332973336	753_18100_1
173	Spectrogram 1	1	18106.2377062696	18106.5912344759	597.749953998608	2614.18285345482	753_18105_1
174	Spectrogram 1	1	18116.9874945527	18117.4554911367	548.165538438209	2481.95774529376	753_18115_1
175	Spectrogram 1	1	18130.6847646391	18131.0892641758	548.165538438209	2366.26077565283	753_18130_1
176	Spectrogram 1	1	18156.1523867459	18156.5410408506	366.356014716747	2101.8105593307	753_18155_1
177	Spectrogram 1	1	18159.2367547808	18159.6033885094	399.412291757013	2250.5638060119	753_18155_2
178	Spectrogram 1	1	18163.7223785315	18164.0588090713	415.940430277146	2200.9793904515	753_18160_1
179	Spectrogram 1	1	18166.0495757572	18166.260508693	316.771599156349	2134.86683637097	753_18165_1
180	Spectrogram 1	1	18168.6869291818	18168.9204589783	498.58112287781	2548.07029937429	753_18165_2
181	Spectrogram 1	1	18170.7463465716	18170.8840656783	448.996707317412	2448.90146825349	753_18170_1
182	Spectrogram 1	1	18175.6456708077	18175.9515105588	448.996707317412	2118.33869785083	753_18175_1
183	Spectrogram 1	1	18179.2103899234	18179.3110410906	482.052984357678	2399.31705269309	753_18175_2
184	Spectrogram 1	1	18183.5978882241	18183.9652404692	482.052984357678	2184.45125193136	753_18180_1
185	Spectrogram 1	1	18186.1126134146	18186.4208199587	548.165538438209	2316.67636009243	753_18185_1
186	Spectrogram 1	1	18191.3456191334	18191.7286820412	498.58112287781	2250.5638060119	753_18190_1
187	Spectrogram 1	1	18197.4448245595	18197.8654672825	482.052984357678	2647.23913049509	753_18195_1
188	Spectrogram 1	1	18199.8500772004	18200.0612020763	465.524845837545	2184.45125193136	753_18200_1
189	Spectrogram 1	1	18201.7501910816	18201.9934671722	647.334369559006	2366.26077565283	753_18200_2
190	Spectrogram 1	1	18217.4965895253	18217.8664042094	581.221815478475	2217.50752897163	753_18215_1
191	Spectrogram 1	1	18235.0651112417	18235.5805102737	531.637399918076	2250.5638060119	753_18235_1
192	Spectrogram 1	1	18239.4168155541	18239.8582061498	515.109261397944	2498.48588381389	753_18235_2
193	Spectrogram 1	1	18243.5855821593	18243.8724253611	581.221815478475	2101.8105593307	753_18240_1
194	Spectrogram 1	1	18255.0890384203	18255.4750809697	597.749953998608	2250.5638060119	753_18255_1
195	Spectrogram 1	1	18260.6566594778	18261.1367196375	515.109261397944	2002.6417282099	753_18260_2
196	Spectrogram 1	1	18262.3820626796	18262.6577084162	465.524845837545	2234.03566749176	753_18260_1
197	Spectrogram 1	1	18268.924643025	18269.3402975452	482.052984357678	2465.42960677362	753_18265_1
198	Spectrogram 1	1	18271.7394400909	18272.1578673581	581.221815478475	2399.31705269309	753_18270_1
199	Spectrogram 1	1	18275.5223533662	18275.8709636946	482.052984357678	2151.3949748911	753_18275_1
200	Spectrogram 1	1	18371.2771722484	18371.5897793664	597.749953998608	2349.73263713269	753_18370_1
