Selection	View	Channel	Begin Time (s)	End Time (s)	Low Freq (Hz)	High Freq (Hz)	Annotation
1	Spectrogram 1	1	356.046370364216	356.270631250585	498.58112287781	1804.30406596831	754_355_1
2	Spectrogram 1	1	357.312691326317	357.567144455697	564.693676958342	2250.5638060119	754_355_2
3	Spectrogram 1	1	361.474599550625	361.774110726422	415.940430277146	1886.94475856897	754_360_1
4	Spectrogram 1	1	401.882990782304	402.277320849657	482.052984357678	2300.14822157229	754_400_1
5	Spectrogram 1	1	407.703670171792	408.049949212652	448.996707317412	2068.75428229043	754_405_1
6	Spectrogram 1	1	415.812969620229	415.996786323015	498.58112287781	2019.16986673004	754_415_1
7	Spectrogram 1	1	419.06094807368	419.269169386142	515.109261397944	2019.16986673004	754_415_2
8	Spectrogram 1	1	422.538830853122	422.860168716623	548.165538438209	1853.88848152871	754_420_1
9	Spectrogram 1	1	425.252676466434	425.527478355799	448.996707317412	1853.88848152871	754_425_1
10	Spectrogram 1	1	433.542260551304	433.850627937858	366.356014716747	1853.88848152871	754_430_1
11	Spectrogram 1	1	448.138413976499	448.45510257484	465.524845837545	1936.52917412937	754_445_1
12	Spectrogram 1	1	452.479231046619	452.815850946403	482.052984357678	1886.94475856897	754_450_1
13	Spectrogram 1	1	836.26984756616	836.64144722519	581.221815478475	2928.21748533734	754_835_1
14	Spectrogram 1	1	837.118712808335	837.499050305692	614.278092518741	2911.68934681721	754_835_2
15	Spectrogram 1	1	838.023047030548	838.408766375285	663.862508079139	3043.91445497827	754_835_3
16	Spectrogram 1	1	856.572373581477	856.952270679047	680.390646599272	3275.30839426014	754_855_1
17	Spectrogram 1	1	857.433824088365	857.814747708198	663.862508079139	3357.9490868608	754_855_2
18	Spectrogram 1	1	866.651312504213	867.043347775626	548.165538438209	3209.1958401796	754_865_1
19	Spectrogram 1	1	867.575467811685	867.958907625506	614.278092518741	3341.42094834067	754_865_2
20	Spectrogram 1	1	874.933930408811	875.28310284121	614.278092518741	2878.63306977695	754_875_1
21	Spectrogram 1	1	875.845271451484	876.243622649573	680.390646599272	2779.46423865615	754_875_2
22	Spectrogram 1	1	953.855190070136	953.996524674601	663.862508079139	2399.31705269309	754_950_1
23	Spectrogram 1	1	954.363913599988	954.514286948776	548.165538438209	2366.26077565283	754_950_2
24	Spectrogram 1	1	954.89441917144	955.162296196439	630.806231038874	2267.09194453203	754_950_3
25	Spectrogram 1	1	955.497729913951	955.622794778632	713.446923639538	2085.28242081057	754_955_1
26	Spectrogram 1	1	955.98350737476	956.152862086629	746.503200679804	2316.67636009243	754_955_2
27	Spectrogram 1	1	956.451234694443	956.550087200585	763.031339199937	2382.78891417296	754_955_3
28	Spectrogram 1	1	956.89286956466	957.022453801503	531.637399918076	2465.42960677362	754_955_4
29	Spectrogram 1	1	957.286890096821	957.385742602963	515.109261397944	2829.04865421655	754_955_5
30	Spectrogram 1	1	957.722955883374	957.849214042127	696.918785119405	2614.18285345482	754_955_6
31	Spectrogram 1	1	958.304602366691	958.402760440347	515.109261397944	2895.16120829708	754_955_7
32	Spectrogram 1	1	961.547394592509	961.639016103192	614.278092518741	2564.59843789442	754_960_1
33	Spectrogram 1	1	961.993634383781	962.081640396735	432.468568797279	2762.93610013602	754_960_2
34	Spectrogram 1	1	962.888772189231	963.046978076614	564.693676958342	2696.82354605548	754_960_3
35	Spectrogram 1	1	963.671881670807	963.734579199653	597.749953998608	2597.65471493469	754_960_4
36	Spectrogram 1	1	964.267900958517	964.371272836821	448.996707317412	2564.59843789442	754_960_5
37	Spectrogram 1	1	969.16187674104	969.32782905856	515.109261397944	2415.84519121323	754_965_1
38	Spectrogram 1	1	2015.29298922299	2016.06884735699	283.715322116083	1886.94475856897	754_2015_1
39	Spectrogram 1	1	2125.03621331255	2125.13596969312	448.996707317412	2812.52051569641	754_2125_1
40	Spectrogram 1	1	2769.08835531351	2769.25590227652	564.693676958342	2267.09194453203	754_2765_1
41	Spectrogram 1	1	2775.11707064367	2775.30979953854	663.862508079139	2415.84519121323	754_2775_1
42	Spectrogram 1	1	2778.8360176439	2779.020570037	564.693676958342	2448.90146825349	754_2775_2
43	Spectrogram 1	1	2782.18556138642	2782.42755065075	548.165538438209	2052.2261437703	754_2780_1
44	Spectrogram 1	1	2785.6625193174	2786.00496099076	548.165538438209	2366.26077565283	754_2785_1
45	Spectrogram 1	1	2799.10908271776	2799.27482193189	432.468568797279	2515.01402233402	754_2795_1
46	Spectrogram 1	1	2803.29139686728	2803.6768490189	498.58112287781	2498.48588381389	754_2800_1
47	Spectrogram 1	1	2807.06947078088	2807.14391867735	482.052984357678	2200.9793904515	754_2805_1
48	Spectrogram 1	1	2817.43372862397	2817.79984232054	663.862508079139	2300.14822157229	754_2815_1
49	Spectrogram 1	1	2821.43160245794	2821.67248186327	548.165538438209	3143.08328609907	754_2820_1
50	Spectrogram 1	1	2824.20582462954	2824.31823525217	647.334369559006	2944.74562385748	754_2820_2
51	Spectrogram 1	1	5389.67090203363	5389.96227979387	630.806231038874	2548.07029937429	754_5385_1
52	Spectrogram 1	1	5400.51096616973	5400.76076570608	399.412291757013	2250.5638060119	754_5400_1
53	Spectrogram 1	1	5405.77769116984	5406.02387520847	531.637399918076	2267.09194453203	754_5405_1
54	Spectrogram 1	1	5508.90461215706	5509.15441169341	415.940430277146	2101.8105593307	754_5505_1
55	Spectrogram 1	1	5522.42237764752	5522.80186769843	448.996707317412	2085.28242081057	754_5520_1
56	Spectrogram 1	1	6055.55041567324	6056.41047510942	448.996707317412	2647.23913049509	754_6055_1
57	Spectrogram 1	1	6056.79818906794	6057.47233280846	432.468568797279	2961.27376237761	754_6055_2
58	Spectrogram 1	1	7185.09197997757	7185.21384585707	647.334369559006	2481.95774529376	754_7185_1
59	Spectrogram 1	1	7185.5697762092	7185.73280380005	614.278092518741	2531.54216085416	754_7185_2
60	Spectrogram 1	1	7186.09115398111	7186.19904523157	630.806231038874	2481.95774529376	754_7185_3
61	Spectrogram 1	1	7186.70145714929	7186.81929101851	564.693676958342	2465.42960677362	754_7185_4
62	Spectrogram 1	1	7187.28009736482	7187.42866296474	647.334369559006	2382.78891417296	754_7185_5
63	Spectrogram 1	1	7187.84497400589	7187.9094792836	696.918785119405	2399.31705269309	754_7185_6
64	Spectrogram 1	1	7188.46227191036	7188.47535179984	680.390646599272	2415.84519121323	754_7185_7
65	Spectrogram 1	1	7189.10836403988	7189.2865569316	680.390646599272	2713.35168457562	754_7185_8
66	Spectrogram 1	1	7189.65942381539	7189.81936803511	564.693676958342	2415.84519121323	754_7185_9
67	Spectrogram 1	1	7190.18724238532	7190.2897103892	812.615754760335	2217.50752897163	754_7190_1
68	Spectrogram 1	1	7190.63430883444	7190.82083716052	415.940430277146	2399.31705269309	754_7190_5
69	Spectrogram 1	1	7191.30601560939	7191.44968549362	498.58112287781	2531.54216085416	754_7190_2
70	Spectrogram 1	1	7191.76245149339	7191.82243739894	531.637399918076	2564.59843789442	754_7190_3
71	Spectrogram 1	1	7192.5384350665	7192.55854892392	564.693676958342	2812.52051569641	754_7190_4
72	Spectrogram 1	1	7196.63909216627	7196.86224564456	663.862508079139	2779.46423865615	754_7195_1
73	Spectrogram 1	1	7431.31827113117	7432.04852107147	630.806231038874	2680.29540753535	754_7430_1
74	Spectrogram 1	1	7432.40998639605	7432.81697219353	647.334369559006	2663.76726901522	754_7430_2
75	Spectrogram 1	1	7780.32650208421	7780.64546461751	432.468568797279	2531.54216085416	754_7780_1
76	Spectrogram 1	1	8168.73053494463	8169.12619149694	349.827876196615	2184.45125193136	754_8165_1
77	Spectrogram 1	1	8191.22216596047	8191.60474746957	465.524845837545	2415.84519121323	754_8190_1
78	Spectrogram 1	1	8205.74755328451	8206.07425056161	482.052984357678	2283.62008305216	754_8205_1
79	Spectrogram 1	1	8207.73432177055	8207.99435033318	432.468568797279	2052.2261437703	754_8205_2
80	Spectrogram 1	1	8209.3582586267	8209.65884228427	399.412291757013	2366.26077565283	754_8205_3
81	Spectrogram 1	1	9331.38024624475	9331.67484666219	498.58112287781	2234.03566749176	754_9330_1
82	Spectrogram 1	1	9356.29517309803	9356.60762270006	531.637399918076	2151.3949748911	754_9355_1
83	Spectrogram 1	1	9360.45314576578	9360.8440304326	531.637399918076	2961.27376237761	754_9360_1
84	Spectrogram 1	1	9363.95730441206	9364.35948427403	581.221815478475	2812.52051569641	754_9360_2
85	Spectrogram 1	1	9375.30203093191	9375.53013748188	548.165538438209	2498.48588381389	754_9375_1
86	Spectrogram 1	1	9378.62654419892	9378.7877640409	382.88415323688	2217.50752897163	754_9375_2
87	Spectrogram 1	1	9568.20261356424	9568.80796676284	647.334369559006	2994.33003941788	754_9565_1
88	Spectrogram 1	1	9569.99794204654	9570.29892502092	746.503200679804	2977.80190089774	754_9570_1
89	Spectrogram 1	1	9581.89451816636	9582.29151348514	663.862508079139	2498.48588381389	754_9580_1
90	Spectrogram 1	1	9615.69768687538	9616.13557608472	498.58112287781	2333.20449861256	754_9615_1
91	Spectrogram 1	1	9649.52253698582	9649.81837709258	548.165538438209	2432.37332973336	754_9645_1
92	Spectrogram 1	1	9652.118918786	9652.46364186919	283.715322116083	2019.16986673004	754_9650_1
93	Spectrogram 1	1	9654.32351556524	9654.63957548958	382.88415323688	2167.92311341123	754_9650_2
94	Spectrogram 1	1	9664.81925219789	9664.99149190751	399.412291757013	2597.65471493469	754_9665_1
95	Spectrogram 1	1	10088.8816272413	10089.2750015072	597.749953998608	2680.29540753535	754_10085_1
96	Spectrogram 1	1	10089.7416245223	10090.1100098492	581.221815478475	2647.23913049509	754_10085_2
97	Spectrogram 1	1	10090.6541623893	10091.0866195915	515.109261397944	2548.07029937429	754_10090_1
98	Spectrogram 1	1	10097.727018281	10098.1348445842	498.58112287781	2349.73263713269	754_10095_1
99	Spectrogram 1	1	10098.7932554487	10099.1789514077	448.996707317412	2333.20449861256	754_10095_2
100	Spectrogram 1	1	10099.7708435392	10100.2555914409	465.524845837545	2515.01402233402	754_10095_3
101	Spectrogram 1	1	10100.5879613649	10101.0241741862	531.637399918076	2481.95774529376	754_10100_1
102	Spectrogram 1	1	10101.3429928739	10101.7956086045	597.749953998608	2465.42960677362	754_10100_2
103	Spectrogram 1	1	10102.226672591	10102.6857304284	448.996707317412	2498.48588381389	754_10100_3
104	Spectrogram 1	1	10119.2974920833	10119.7994200342	548.165538438209	2597.65471493469	754_10115_1
105	Spectrogram 1	1	10120.0464443908	10120.4534057986	713.446923639538	2382.78891417296	754_10120_1
106	Spectrogram 1	1	10148.9118037124	10149.3642172209	614.278092518741	2647.23913049509	754_10145_1
107	Spectrogram 1	1	10149.6830078707	10150.0340395096	581.221815478475	2531.54216085416	754_10145_2
108	Spectrogram 1	1	10165.731666223	10166.1044462176	696.918785119405	2663.76726901522	754_10165_1
109	Spectrogram 1	1	10186.0428413833	10186.3978081433	597.749953998608	2415.84519121323	754_10185_1
110	Spectrogram 1	1	10214.7023151642	10215.0394118893	630.806231038874	2729.87982309575	754_10210_1
111	Spectrogram 1	1	10228.0370744676	10228.3242896509	366.356014716747	2415.84519121323	754_10225_1
112	Spectrogram 1	1	12033.5498266005	12033.9938890757	680.390646599272	2928.21748533734	754_12030_1
113	Spectrogram 1	1	12034.4361524288	12034.910720548	663.862508079139	2911.68934681721	754_12030_2
114	Spectrogram 1	1	12035.3763394626	12035.8881527553	680.390646599272	2977.80190089774	754_12035_1
115	Spectrogram 1	1	12057.0855826703	12057.5384006641	548.165538438209	2911.68934681721	754_12055_1
116	Spectrogram 1	1	12058.0018298689	12058.4440299193	498.58112287781	2977.80190089774	754_12055_2
117	Spectrogram 1	1	12058.9309188758	12059.3822020346	581.221815478475	3110.02700905881	754_12055_3
118	Spectrogram 1	1	12488.0563352633	12488.3642564886	531.637399918076	2564.59843789442	754_12485_1
119	Spectrogram 1	1	13144.0454917345	13144.3300580993	548.165538438209	2382.78891417296	754_13140_1
120	Spectrogram 1	1	13295.1674847091	13295.5281586389	482.052984357678	2746.40796161588	754_13295_1
121	Spectrogram 1	1	13297.7891906504	13298.1165719562	448.996707317412	2333.20449861256	754_13295_2
122	Spectrogram 1	1	13304.5724977512	13304.8800315311	531.637399918076	2564.59843789442	754_13300_1
123	Spectrogram 1	1	13306.237905642	13306.5862590906	482.052984357678	2234.03566749176	754_13305_1
124	Spectrogram 1	1	13317.4804543475	13317.832629518	614.278092518741	2481.95774529376	754_13315_1
125	Spectrogram 1	1	13331.6393446613	13331.9300806863	366.356014716747	2448.90146825349	754_13330_1
126	Spectrogram 1	1	13345.4510637217	13345.6483541977	531.637399918076	2531.54216085416	754_13345_1
127	Spectrogram 1	1	13383.3533877362	13383.7220283706	548.165538438209	2862.10493125681	754_13380_1
128	Spectrogram 1	1	13384.1898702045	13384.5560264516	597.749953998608	3126.55514757894	754_13380_2
129	Spectrogram 1	1	13385.0349054947	13385.4530174936	647.334369559006	3110.02700905881	754_13385_1
130	Spectrogram 1	1	13410.3956811071	13410.7843492652	614.278092518741	3209.1958401796	754_13410_1
131	Spectrogram 1	1	13411.2512986596	13411.6437258437	614.278092518741	3258.78025574	754_13410_2
132	Spectrogram 1	1	13441.3822409401	13441.7935279764	630.806231038874	3242.25211721987	754_13440_1
133	Spectrogram 1	1	13469.136928221	13469.3261681704	630.806231038874	3258.78025574	754_13465_1
134	Spectrogram 1	1	13469.9777218237	13470.2135091341	713.446923639538	3258.78025574	754_13470_1
135	Spectrogram 1	1	13522.8282386551	13523.0473064608	630.806231038874	2862.10493125681	754_13520_1
136	Spectrogram 1	1	13523.6180874683	13523.8190777853	614.278092518741	2845.57679273668	754_13520_2
137	Spectrogram 1	1	13562.105331245	13562.2927634455	564.693676958342	3060.44259349841	754_13560_1
138	Spectrogram 1	1	13597.5305381952	13597.9109446661	597.749953998608	3060.44259349841	754_13595_1
139	Spectrogram 1	1	13618.7147959383	13619.0914357784	630.806231038874	3143.08328609907	754_13615_1
140	Spectrogram 1	1	13882.2184866468	13882.4737094298	597.749953998608	3060.44259349841	754_13880_1
141	Spectrogram 1	1	13898.5768893065	13898.7498595161	597.749953998608	2829.04865421655	754_13895_1
142	Spectrogram 1	1	13902.740165079	13903.1033426131	663.862508079139	2415.84519121323	754_13900_1
143	Spectrogram 1	1	13933.6373043338	13933.9704514406	564.693676958342	2382.78891417296	754_13930_1
144	Spectrogram 1	1	13951.7237507786	13952.2013334036	614.278092518741	2581.12657641455	754_13950_1
145	Spectrogram 1	1	13982.3085222584	13982.7219886921	531.637399918076	2515.01402233402	754_13980_1
146	Spectrogram 1	1	13985.3143633132	13985.5099303837	465.524845837545	2498.48588381389	754_13985_1
147	Spectrogram 1	1	13988.370200081	13988.5522090349	548.165538438209	2498.48588381389	754_13985_2
148	Spectrogram 1	1	14105.1980291969	14105.7109734007	647.334369559006	2415.84519121323	754_14105_1
149	Spectrogram 1	1	14109.5269051418	14110.1698168497	779.55947772007	3374.47722538093	754_14105_2
150	Spectrogram 1	1	14153.2098324888	14153.6792350188	597.749953998608	2614.18285345482	754_14150_1
151	Spectrogram 1	1	14154.1043034789	14154.4892565092	581.221815478475	2564.59843789442	754_14150_2
152	Spectrogram 1	1	14155.0258860766	14155.5048212197	647.334369559006	2465.42960677362	754_14155_1
153	Spectrogram 1	1	14330.4280151799	14330.4979437042	680.390646599272	2316.67636009243	754_14330_1
154	Spectrogram 1	1	14331.1842495413	14331.2876214196	647.334369559006	2630.71099197495	754_14330_2
155	Spectrogram 1	1	14331.7423334504	14331.8294355889	796.087616240203	2531.54216085416	754_14330_3
156	Spectrogram 1	1	14332.3340353176	14332.4057715907	829.143893280468	2399.31705269309	754_14330_4
157	Spectrogram 1	1	14332.9413085081	14333.0374493909	862.200170320734	2349.73263713269	754_14330_5
158	Spectrogram 1	1	14333.5777966873	14333.7109964218	763.031339199937	2531.54216085416	754_14330_6
159	Spectrogram 1	1	14334.0726402399	14334.1877624859	746.503200679804	2465.42960677362	754_14330_7
160	Spectrogram 1	1	14334.6461078692	14334.7407187428	746.503200679804	2647.23913049509	754_14330_8
161	Spectrogram 1	1	14336.856656386	14336.9003725518	829.143893280468	2267.09194453203	754_14335_1
162	Spectrogram 1	1	14337.3765482697	14337.5368642373	746.503200679804	2729.87982309575	754_14335_2
163	Spectrogram 1	1	14337.9753265175	14338.0291463956	779.55947772007	2515.01402233402	754_14335_3
164	Spectrogram 1	1	14338.5369477337	14338.6791862126	796.087616240203	2779.46423865615	754_14335_4
165	Spectrogram 1	1	14339.1499351777	14339.2948852799	746.503200679804	2448.90146825349	754_14335_5
166	Spectrogram 1	1	14339.7024485835	14339.8013010897	696.918785119405	2713.35168457562	754_14335_6
167	Spectrogram 1	1	14502.6962322309	14503.1368216987	498.58112287781	2465.42960677362	754_14500_1
168	Spectrogram 1	1	14505.9333296258	14506.391656688	482.052984357678	2399.31705269309	754_14505_1
169	Spectrogram 1	1	14520.5856853028	14520.9038533986	531.637399918076	2630.71099197495	754_14520_1
170	Spectrogram 1	1	14788.114548532	14788.5029561018	515.109261397944	2531.54216085416	754_14785_1
171	Spectrogram 1	1	14871.0822639158	14871.5581285235	680.390646599272	3010.85817793801	754_14870_1
172	Spectrogram 1	1	14924.5756667997	14924.9700639876	564.693676958342	2498.48588381389	754_14920_1
173	Spectrogram 1	1	15061.1410780317	15061.3024652374	531.637399918076	2779.46423865615	754_15060_1
174	Spectrogram 1	1	15530.7623868797	15531.0203935321	763.031339199937	2316.67636009243	754_15530_1
175	Spectrogram 1	1	15531.279061746	15531.5531619177	796.087616240203	2481.95774529376	754_15530_2
176	Spectrogram 1	1	15531.8808774443	15532.1053592602	663.862508079139	2382.78891417296	754_15530_3
177	Spectrogram 1	1	15532.4189700601	15532.6495226311	763.031339199937	2316.67636009243	754_15530_4
178	Spectrogram 1	1	15533.0309444288	15533.2381323854	597.749953998608	2729.87982309575	754_15530_5
179	Spectrogram 1	1	16187.2137379158	16187.5453992922	448.996707317412	2399.31705269309	754_16185_1
180	Spectrogram 1	1	16288.3617468567	16288.5356209408	564.693676958342	2548.07029937429	754_16285_1
181	Spectrogram 1	1	16288.8251020609	16288.9836102795	796.087616240203	2581.12657641455	754_16285_2
182	Spectrogram 1	1	16289.3489859981	16289.4496462531	663.862508079139	2382.78891417296	754_16285_3
183	Spectrogram 1	1	16289.8624617056	16290.0164505521	812.615754760335	2531.54216085416	754_16285_4
184	Spectrogram 1	1	16300.1249332509	16300.2626523576	829.143893280468	2333.20449861256	754_16300_1
185	Spectrogram 1	1	16300.6202880795	16300.7921214698	680.390646599272	2614.18285345482	754_16300_2
186	Spectrogram 1	1	16301.1392612777	16301.221844044	548.165538438209	2564.59843789442	754_16300_3
187	Spectrogram 1	1	16301.7154226754	16301.8350642935	680.390646599272	2366.26077565283	754_16300_4
188	Spectrogram 1	1	16302.2061851193	16302.3547507193	597.749953998608	2630.71099197495	754_16300_5
189	Spectrogram 1	1	16302.6870049445	16302.8545519075	614.278092518741	3143.08328609907	754_16300_6
190	Spectrogram 1	1	16303.187854275	16303.3133541553	548.165538438209	2994.33003941788	754_16300_7
191	Spectrogram 1	1	16303.6669822366	16303.7676424916	548.165538438209	2795.99237717628	754_16300_8
192	Spectrogram 1	1	16304.1978370162	16304.335556123	647.334369559006	2382.78891417296	754_16300_9
193	Spectrogram 1	1	16304.7202932667	16304.9104370905	564.693676958342	2415.84519121323	754_16300_10
194	Spectrogram 1	1	16305.3261136809	16305.4340049313	779.55947772007	2630.71099197495	754_16305_1
195	Spectrogram 1	1	16305.8123567527	16305.9356138685	878.728308840867	2729.87982309575	754_16305_2
196	Spectrogram 1	1	16306.4182296039	16306.5405828453	812.615754760335	2432.37332973336	754_16305_3
197	Spectrogram 1	1	16306.9740401531	16307.1126631343	647.334369559006	2746.40796161588	754_16305_4
198	Spectrogram 1	1	16307.5491230723	16307.6823228069	763.031339199937	2564.59843789442	754_16305_5
199	Spectrogram 1	1	16308.183861704	16308.3333311784	663.862508079139	2548.07029937429	754_16305_6
200	Spectrogram 1	1	16309.2986291829	16309.4164630521	796.087616240203	2465.42960677362	754_16305_7
201	Spectrogram 1	1	16309.8772478152	16309.9553112094	746.503200679804	2283.62008305216	754_16310_1
202	Spectrogram 1	1	16310.4828605134	16310.6250989923	696.918785119405	2564.59843789442	754_16310_2
203	Spectrogram 1	1	16311.0799547734	16311.1661530374	746.503200679804	2118.33869785083	754_16310_3
204	Spectrogram 1	1	16312.7920563303	16312.9008514552	663.862508079139	2250.5638060119	754_16310_4
205	Spectrogram 1	1	16313.3187211977	16313.4981943942	862.200170320734	2614.18285345482	754_16310_6
206	Spectrogram 1	1	16314.0037395967	16314.0957362686	878.728308840867	2068.75428229043	754_16310_5
207	Spectrogram 1	1	16315.0628330807	16315.2602079	713.446923639538	2267.09194453203	754_16315_1
208	Spectrogram 1	1	16315.6081736925	16315.7025068265	878.728308840867	2333.20449861256	754_16315_2
209	Spectrogram 1	1	16316.1951542359	16316.2705060068	878.728308840867	2415.84519121323	754_16315_3
210	Spectrogram 1	1	16319.304887435	16319.3849623054	845.672031800601	2548.07029937429	754_16315_4
211	Spectrogram 1	1	16321.4268872846	16321.6661771274	696.918785119405	2581.12657641455	754_16320_1
212	Spectrogram 1	1	16322.0272997802	16322.217018576	829.143893280468	2597.65471493469	754_16320_2
213	Spectrogram 1	1	16745.4153169674	16745.7673719036	564.693676958342	2663.76726901522	754_16745_1
214	Spectrogram 1	1	16752.119505464	16752.4665564833	614.278092518741	2564.59843789442	754_16750_1
215	Spectrogram 1	1	16760.0568871666	16760.4210461058	498.58112287781	2300.14822157229	754_16760_1
216	Spectrogram 1	1	16766.7205246926	16767.111524812	614.278092518741	2548.07029937429	754_16765_1
217	Spectrogram 1	1	16776.4936265556	16776.9225222536	531.637399918076	2498.48588381389	754_16775_1
218	Spectrogram 1	1	16781.9605139282	16782.354911116	498.58112287781	2465.42960677362	754_16780_1
219	Spectrogram 1	1	16856.1688574037	16856.6199440885	614.278092518741	2548.07029937429	754_16855_1
220	Spectrogram 1	1	17610.5030094615	17610.7809072023	614.278092518741	2564.59843789442	754_17610_1
221	Spectrogram 1	1	17630.0919448438	17630.4597916237	548.165538438209	2300.14822157229	754_17630_1
222	Spectrogram 1	1	17637.2581924637	17637.6512542574	564.693676958342	2316.67636009243	754_17635_1
223	Spectrogram 1	1	17641.394346119	17641.7286508236	696.918785119405	2316.67636009243	754_17640_1
224	Spectrogram 1	1	17642.9429293391	17643.2421353551	614.278092518741	2515.01402233402	754_17640_2
225	Spectrogram 1	1	17644.5170707855	17644.732746381	548.165538438209	2234.03566749176	754_17640_3
226	Spectrogram 1	1	17657.085860258	17657.4749879714	399.412291757013	2515.01402233402	754_17655_1
227	Spectrogram 1	1	17685.805622222	17686.0653643771	515.109261397944	2465.42960677362	754_17685_1
228	Spectrogram 1	1	17717.6709680102	17717.861111834	482.052984357678	2448.90146825349	754_17715_1
229	Spectrogram 1	1	17753.8937934535	17754.1336558229	630.806231038874	2564.59843789442	754_17750_1
230	Spectrogram 1	1	17754.433961227	17754.6682048447	647.334369559006	2481.95774529376	754_17750_2
231	Spectrogram 1	1	17754.9772988896	17755.2235397418	614.278092518741	2481.95774529376	754_17755_1
232	Spectrogram 1	1	17755.5459927922	17755.8204295259	663.862508079139	2597.65471493469	754_17755_2
233	Spectrogram 1	1	17756.1690673497	17756.4393036093	630.806231038874	2498.48588381389	754_17755_3
234	Spectrogram 1	1	17784.8932265481	17784.9649628213	845.672031800601	2515.01402233402	754_17785_1
235	Spectrogram 1	1	17785.4315039936	17785.6188142376	729.975062159671	2465.42960677362	754_17785_2
236	Spectrogram 1	1	17861.593917643	17861.8326875531	763.031339199937	2151.3949748911	754_17860_1
237	Spectrogram 1	1	17862.1409165399	17862.3830811693	713.446923639538	2415.84519121323	754_17860_2
238	Spectrogram 1	1	17862.6957569702	17862.9333457761	630.806231038874	2267.09194453203	754_17860_3
239	Spectrogram 1	1	17863.2884121665	17863.5328216626	763.031339199937	2465.42960677362	754_17860_4
240	Spectrogram 1	1	18352.6123350327	18352.971637945	498.58112287781	2118.33869785083	754_18350_1
241	Spectrogram 1	1	18564.8444173288	18564.9405582116	597.749953998608	1986.11358968977	754_18565_1
242	Spectrogram 1	1	18814.7428051922	18815.6754338498	763.031339199937	2581.12657641455	754_18810_1
243	Spectrogram 1	1	18821.6847147859	18822.0493063751	597.749953998608	2630.71099197495	754_18820_1
244	Spectrogram 1	1	18828.874602684	18829.2563678875	696.918785119405	2713.35168457562	754_18825_1
245	Spectrogram 1	1	18835.5849569514	18835.9558756617	498.58112287781	2415.84519121323	754_18835_1
246	Spectrogram 1	1	18836.6678321785	18836.9212472126	630.806231038874	3192.66770165947	754_18835_2
247	Spectrogram 1	1	18837.5607300869	18837.6934979688	630.806231038874	3242.25211721987	754_18835_3
248	Spectrogram 1	1	18844.2306331425	18844.4813365533	548.165538438209	2829.04865421655	754_18840_1
249	Spectrogram 1	1	18882.0440197686	18882.1793829373	548.165538438209	2382.78891417296	754_18880_1
250	Spectrogram 1	1	18883.9028424263	18884.0557119247	663.862508079139	2498.48588381389	754_18880_2
251	Spectrogram 1	1	18884.6422475987	18884.7656630026	680.390646599272	2581.12657641455	754_18880_3
252	Spectrogram 1	1	18886.6592574536	18886.7819879166	729.975062159671	2481.95774529376	754_18885_1
253	Spectrogram 1	1	18915.9483399791	18916.1359262632	531.637399918076	2134.86683637097	754_18915_1
254	Spectrogram 1	1	18916.3972381157	18916.6108097736	614.278092518741	2515.01402233402	754_18915_2
255	Spectrogram 1	1	18916.9561942802	18917.1420602559	680.390646599272	2465.42960677362	754_18915_3
256	Spectrogram 1	1	18917.8910712675	18918.1748102791	647.334369559006	2267.09194453203	754_18915_4
257	Spectrogram 1	1	18918.5427302472	18918.8049483451	614.278092518741	2250.5638060119	754_18915_5
258	Spectrogram 1	1	18923.1744008216	18923.4302230573	432.468568797279	2184.45125193136	754_18920_1
259	Spectrogram 1	1	18926.0813635992	18926.3720689705	680.390646599272	2267.09194453203	754_18925_1
260	Spectrogram 1	1	18945.1562382996	18945.3633396597	564.693676958342	2432.37332973336	754_18945_1
261	Spectrogram 1	1	19067.9058073085	19068.1054909857	465.524845837545	2465.42960677362	754_19065_1
262	Spectrogram 1	1	19068.4975100269	19068.7002598922	647.334369559006	2564.59843789442	754_19065_2
263	Spectrogram 1	1	19069.5941047117	19069.8661088755	680.390646599272	2531.54216085416	754_19065_3
264	Spectrogram 1	1	19117.0028129978	19117.2214778027	531.637399918076	1969.58545116964	754_19115_1
265	Spectrogram 1	1	19118.7267993898	19119.0657845417	729.975062159671	2399.31705269309	754_19115_2
266	Spectrogram 1	1	19119.2009484843	19119.4502571097	713.446923639538	2267.09194453203	754_19115_3
267	Spectrogram 1	1	19346.2666689957	19347.1562381753	597.749953998608	2531.54216085416	754_19345_1
268	Spectrogram 1	1	19364.7298442462	19365.3432327442	647.334369559006	2481.95774529376	754_19365_1
269	Spectrogram 1	1	19365.986204956	19366.7995457396	564.693676958342	2663.76726901522	754_19365_2
270	Spectrogram 1	1	19367.0843212841	19367.7125832154	614.278092518741	2366.26077565283	754_19365_3
271	Spectrogram 1	1	19368.0818149773	19368.8031238194	498.58112287781	2184.45125193136	754_19365_4
272	Spectrogram 1	1	19369.1761837989	19369.8756948539	531.637399918076	2333.20449861256	754_19365_5
273	Spectrogram 1	1	19370.2790566585	19370.9423913254	515.109261397944	2531.54216085416	754_19370_1
274	Spectrogram 1	1	19371.451028243	19372.2452550749	382.88415323688	2415.84519121323	754_19370_2
275	Spectrogram 1	1	19372.582101064	19373.2025063185	432.468568797279	2515.01402233402	754_19370_3
276	Spectrogram 1	1	19375.6442517606	19376.2720521584	465.524845837545	2415.84519121323	754_19375_1
277	Spectrogram 1	1	19376.6734522206	19377.2310441972	515.109261397944	2829.04865421655	754_19375_2
278	Spectrogram 1	1	19384.5302828317	19385.1982059896	614.278092518741	2680.29540753535	754_19380_1
279	Spectrogram 1	1	19385.5360266155	19386.1668712959	498.58112287781	2614.18285345482	754_19385_1
280	Spectrogram 1	1	19386.4754889254	19387.0666638293	564.693676958342	2614.18285345482	754_19385_2
281	Spectrogram 1	1	19387.6061494896	19388.2239403918	482.052984357678	2448.90146825349	754_19385_3
282	Spectrogram 1	1	19389.4132453859	19390.079176482	498.58112287781	2515.01402233402	754_19385_4
283	Spectrogram 1	1	19391.8794974141	19392.448766273	548.165538438209	2333.20449861256	754_19390_1
284	Spectrogram 1	1	19392.6445880856	19393.174866022	498.58112287781	2548.07029937429	754_19390_2
285	Spectrogram 1	1	19393.4990019241	19393.9048661933	548.165538438209	2333.20449861256	754_19390_3
286	Spectrogram 1	1	19394.6579345241	19395.0116667334	663.862508079139	2647.23913049509	754_19390_4
287	Spectrogram 1	1	19396.6781980724	19397.0981734056	630.806231038874	2531.54216085416	754_19395_1
288	Spectrogram 1	1	19400.5535480342	19400.7603736123	498.58112287781	2399.31705269309	754_19400_1
289	Spectrogram 1	1	19403.9619035065	19404.4866308231	581.221815478475	2680.29540753535	754_19400_2
290	Spectrogram 1	1	19409.1290148585	19409.9070884122	663.862508079139	2581.12657641455	754_19405_1
291	Spectrogram 1	1	19415.5607824346	19416.3748661791	630.806231038874	2515.01402233402	754_19415_1
292	Spectrogram 1	1	19418.4885641033	19419.0704206191	630.806231038874	2531.54216085416	754_19415_2
293	Spectrogram 1	1	19430.9746310323	19431.6851032254	647.334369559006	2614.18285345482	754_19430_1
294	Spectrogram 1	1	19432.0201651075	19432.552416228	515.109261397944	2531.54216085416	754_19430_2
295	Spectrogram 1	1	19437.856557459	19438.5965215053	614.278092518741	2614.18285345482	754_19435_1
296	Spectrogram 1	1	19445.0222147974	19445.6684991635	680.390646599272	2729.87982309575	754_19445_1
297	Spectrogram 1	1	19446.0630247142	19446.830869472	564.693676958342	2647.23913049509	754_19445_2
298	Spectrogram 1	1	19447.2266521817	19447.9214094468	515.109261397944	2548.07029937429	754_19445_3
299	Spectrogram 1	1	19458.1814269709	19458.971204298	597.749953998608	2531.54216085416	754_19455_1
300	Spectrogram 1	1	19459.469797579	19460.1736877481	564.693676958342	2713.35168457562	754_19455_2
301	Spectrogram 1	1	19469.3490594671	19470.2210960274	531.637399918076	2713.35168457562	754_19465_1
302	Spectrogram 1	1	19479.7110715664	19480.2604677032	696.918785119405	2564.59843789442	754_19480_1
303	Spectrogram 1	1	19480.8943791367	19481.6115887968	448.996707317412	2349.73263713269	754_19480_2
304	Spectrogram 1	1	19486.2163238218	19486.8353472703	614.278092518741	2581.12657641455	754_19485_1
305	Spectrogram 1	1	19495.8295830616	19496.6420299793	581.221815478475	2663.76726901522	754_19495_1
306	Spectrogram 1	1	19507.0867846296	19507.7734896357	515.109261397944	2647.23913049509	754_19505_1
307	Spectrogram 1	1	19517.2736065571	19518.1428472293	663.862508079139	2647.23913049509	754_19515_1
308	Spectrogram 1	1	19572.4938218862	19573.0181172891	647.334369559006	2481.95774529376	754_19570_1
309	Spectrogram 1	1	20407.5212987221	20408.3314069424	647.334369559006	2448.90146825349	754_20405_1
310	Spectrogram 1	1	20466.636409044	20466.7388770479	448.996707317412	1920.00103560924	754_20465_1
311	Spectrogram 1	1	20467.8445974501	20467.9714700637	515.109261397944	2333.20449861256	754_20465_2
312	Spectrogram 1	1	20468.5080237519	20468.6195305001	515.109261397944	2349.73263713269	754_20465_3
313	Spectrogram 1	1	20469.2404081698	20469.3573381646	482.052984357678	1969.58545116964	754_20465_4
314	Spectrogram 1	1	20469.651893323	20469.7471303314	597.749953998608	2349.73263713269	754_20465_5
315	Spectrogram 1	1	20470.2309185927	20470.4967315232	581.221815478475	2382.78891417296	754_20470_1
316	Spectrogram 1	1	20471.2562202727	20471.5188182757	647.334369559006	2448.90146825349	754_20470_2
317	Spectrogram 1	1	20471.782776635	20472.1785916398	680.390646599272	2713.35168457562	754_20470_3
318	Spectrogram 1	1	20536.1536602378	20536.3575816151	548.165538438209	2399.31705269309	754_20535_1
319	Spectrogram 1	1	20560.9668456675	20561.9339766907	515.109261397944	2746.40796161588	754_20560_1
320	Spectrogram 1	1	20572.1082468582	20572.7044621485	564.693676958342	2829.04865421655	754_20570_1
321	Spectrogram 1	1	20573.0370295804	20573.4301280484	630.806231038874	2647.23913049509	754_20570_2
322	Spectrogram 1	1	20574.1269070158	20574.6836007271	630.806231038874	2663.76726901522	754_20570_3
323	Spectrogram 1	1	20575.1341529358	20575.5787812822	614.278092518741	2465.42960677362	754_20575_1
324	Spectrogram 1	1	20583.0864767292	20583.3398250982	564.693676958342	2283.62008305216	754_20580_1
325	Spectrogram 1	1	20583.643284008	20583.7605958402	663.862508079139	2382.78891417296	754_20580_2
326	Spectrogram 1	1	20585.7974493185	20585.9743367453	548.165538438209	2217.50752897163	754_20585_1
327	Spectrogram 1	1	20587.5014278471	20587.8167983841	680.390646599272	2432.37332973336	754_20585_2
328	Spectrogram 1	1	20588.0637077061	20588.1414814543	779.55947772007	2531.54216085416	754_20585_3
329	Spectrogram 1	1	20589.6348041197	20589.8181347933	729.975062159671	2432.37332973336	754_20585_4
330	Spectrogram 1	1	20590.0923400598	20590.3048505138	663.862508079139	2548.07029937429	754_20590_1
331	Spectrogram 1	1	20591.3072554999	20591.4956964871	647.334369559006	2300.14822157229	754_20590_2
332	Spectrogram 1	1	20592.0676453363	20592.1874641329	548.165538438209	2349.73263713269	754_20590_3
333	Spectrogram 1	1	20592.7970232031	20593.0229851601	614.278092518741	2349.73263713269	754_20590_4
334	Spectrogram 1	1	20593.2452572078	20593.4002090501	647.334369559006	2465.42960677362	754_20590_5
335	Spectrogram 1	1	20593.6591214267	20593.8784439844	597.749953998608	2498.48588381389	754_20590_6
336	Spectrogram 1	1	20594.1200740353	20594.4066982219	647.334369559006	2762.93610013602	754_20590_7
337	Spectrogram 1	1	20595.4903977457	20595.7030565839	482.052984357678	2382.78891417296	754_20595_1
338	Spectrogram 1	1	20595.9392717701	20596.2147837686	614.278092518741	2349.73263713269	754_20595_2
339	Spectrogram 1	1	20596.4389077602	20596.6930480566	597.749953998608	2647.23913049509	754_20595_3
340	Spectrogram 1	1	20596.9090025797	20597.2363603375	581.221815478475	2614.18285345482	754_20595_4
341	Spectrogram 1	1	20597.9432235344	20598.2312459188	515.109261397944	2399.31705269309	754_20595_5
342	Spectrogram 1	1	20598.4436060242	20598.6253393719	564.693676958342	2713.35168457562	754_20595_6
343	Spectrogram 1	1	20599.5198779685	20599.860913908	614.278092518741	2795.99237717628	754_20595_7
344	Spectrogram 1	1	20600.6800111758	20600.9796937331	630.806231038874	2597.65471493469	754_20600_1
345	Spectrogram 1	1	20601.1513025175	20601.3153842317	680.390646599272	2399.31705269309	754_20600_2
346	Spectrogram 1	1	20602.9182523774	20603.1201407719	630.806231038874	2696.82354605548	754_20600_3
347	Spectrogram 1	1	20603.359487301	20603.6701171988	713.446923639538	2696.82354605548	754_20600_4
348	Spectrogram 1	1	20604.4016374103	20604.7157895824	614.278092518741	2647.23913049509	754_20600_5
349	Spectrogram 1	1	20605.4115232019	20605.7217087223	597.749953998608	2498.48588381389	754_20605_1
350	Spectrogram 1	1	20606.0524708381	20606.2330122956	614.278092518741	2515.01402233402	754_20605_2
351	Spectrogram 1	1	20606.8308720544	20607.1318407969	614.278092518741	2531.54216085416	754_20605_3
352	Spectrogram 1	1	20607.346880449	20607.6492658112	614.278092518741	2432.37332973336	754_20605_4
353	Spectrogram 1	1	20608.017059351	20608.2594332066	548.165538438209	2548.07029937429	754_20605_5
354	Spectrogram 1	1	20608.5087151441	20608.9039713049	548.165538438209	2465.42960677362	754_20605_6
355	Spectrogram 1	1	20609.0387752167	20609.4350239086	531.637399918076	2382.78891417296	754_20605_7
356	Spectrogram 1	1	20609.5472361026	20609.9021173459	482.052984357678	2366.26077565283	754_20605_8
357	Spectrogram 1	1	20610.0201597249	20610.1844133185	465.524845837545	2068.75428229043	754_20610_1
358	Spectrogram 1	1	20610.5865340699	20610.7121363198	696.918785119405	1969.58545116964	754_20610_2
359	Spectrogram 1	1	20611.1539404624	20611.3417514347	746.503200679804	2234.03566749176	754_20610_3
360	Spectrogram 1	1	20612.1966435054	20612.3344901047	862.200170320734	2333.20449861256	754_20610_4
361	Spectrogram 1	1	20612.6927835139	20612.9275571871	763.031339199937	2548.07029937429	754_20610_5
362	Spectrogram 1	1	20613.2213813773	20613.4445348556	729.975062159671	2366.26077565283	754_20610_6
363	Spectrogram 1	1	20613.7703207684	20614.0200116939	763.031339199937	2333.20449861256	754_20610_7
364	Spectrogram 1	1	20614.2409737439	20614.5630403173	713.446923639538	2283.62008305216	754_20610_8
365	Spectrogram 1	1	20614.815327443	20614.9261503131	597.749953998608	2200.9793904515	754_20610_9
366	Spectrogram 1	1	20615.3729987486	20615.4031567979	696.918785119405	2283.62008305216	754_20615_1
367	Spectrogram 1	1	20615.7613194314	20615.8895448123	746.503200679804	2481.95774529376	754_20615_2
368	Spectrogram 1	1	20616.8792610915	20616.9220874539	729.975062159671	2581.12657641455	754_20615_3
369	Spectrogram 1	1	20617.4345399837	20617.5306808665	663.862508079139	2465.42960677362	754_20615_4
370	Spectrogram 1	1	20617.9880125321	20618.0917084076	663.862508079139	2531.54216085416	754_20615_5
371	Spectrogram 1	1	20618.6102468798	20618.7947992729	763.031339199937	2349.73263713269	754_20615_6
372	Spectrogram 1	1	20619.1850663715	20619.251379398	729.975062159671	2200.9793904515	754_20615_7
373	Spectrogram 1	1	20619.6987147281	20619.8696053576	663.862508079139	2415.84519121323	754_20615_8
374	Spectrogram 1	1	20620.212958279	20620.3416386414	465.524845837545	2432.37332973336	754_20620_1
375	Spectrogram 1	1	20620.7989458928	20620.8616434216	581.221815478475	2399.31705269309	754_20620_2
376	Spectrogram 1	1	20621.3352512666	20621.409699163	763.031339199937	2548.07029937429	754_20620_3
377	Spectrogram 1	1	20628.49723546	20628.5951840918	878.728308840867	2448.90146825349	754_20625_1
378	Spectrogram 1	1	20633.2855182882	20633.4228336406	696.918785119405	2035.69800525017	754_20630_2
379	Spectrogram 1	1	20633.7921825192	20633.8765730344	597.749953998608	2300.14822157229	754_20630_1
380	Spectrogram 1	1	20634.490383224	20634.6592170415	630.806231038874	2019.16986673004	754_20630_3
381	Spectrogram 1	1	20635.5621378041	20635.6908181665	564.693676958342	2151.3949748911	754_20635_1
382	Spectrogram 1	1	20636.1904567533	20636.2224225514	647.334369559006	2597.65471493469	754_20635_2
383	Spectrogram 1	1	20636.7261836197	20636.9289816855	680.390646599272	2713.35168457562	754_20635_3
384	Spectrogram 1	1	20638.6248259187	20638.7701749255	663.862508079139	2531.54216085416	754_20635_4
385	Spectrogram 1	1	20639.1405745726	20639.2710626839	630.806231038874	2713.35168457562	754_20635_5
386	Spectrogram 1	1	20642.7845045585	20642.990592795	564.693676958342	2548.07029937429	754_20640_1
387	Spectrogram 1	1	20643.493680675	20643.7045234585	515.109261397944	2531.54216085416	754_20640_2
388	Spectrogram 1	1	20644.121388836	20644.3622437962	548.165538438209	2630.71099197495	754_20640_3
389	Spectrogram 1	1	20645.1034430274	20645.3196460186	531.637399918076	2696.82354605548	754_20645_1
390	Spectrogram 1	1	20645.5628367329	20645.7718432634	515.109261397944	2680.29540753535	754_20645_2
391	Spectrogram 1	1	20646.2655675403	20646.5077321696	432.468568797279	2597.65471493469	754_20645_3
392	Spectrogram 1	1	20647.2038456017	20647.4720364118	432.468568797279	2680.29540753535	754_20645_4
393	Spectrogram 1	1	20647.7232782445	20647.923473383	498.58112287781	2432.37332973336	754_20645_5
394	Spectrogram 1	1	20650.3969334295	20650.6022560776	614.278092518741	2085.28242081057	754_20650_1
395	Spectrogram 1	1	20651.0675494374	20651.2994955518	581.221815478475	2432.37332973336	754_20650_2
396	Spectrogram 1	1	20651.4929203236	20651.7067066005	696.918785119405	2498.48588381389	754_20650_3
397	Spectrogram 1	1	20653.2411413965	20653.4315379718	630.806231038874	2316.67636009243	754_20650_4
398	Spectrogram 1	1	20654.3410813783	20654.5480555997	531.637399918076	2349.73263713269	754_20650_5
399	Spectrogram 1	1	20654.838246108	20655.0342952541	647.334369559006	2300.14822157229	754_20650_6
400	Spectrogram 1	1	20655.5707850688	20655.8055974448	531.637399918076	2151.3949748911	754_20655_1
401	Spectrogram 1	1	20657.1349455013	20657.3697578773	564.693676958342	2498.48588381389	754_20655_2
402	Spectrogram 1	1	20657.6317611321	20657.848866605	713.446923639538	2515.01402233402	754_20655_3
403	Spectrogram 1	1	20658.0699531415	20658.2974073208	779.55947772007	2762.93610013602	754_20655_4
404	Spectrogram 1	1	20658.5516968721	20658.773493186	779.55947772007	2713.35168457562	754_20655_5
405	Spectrogram 1	1	20659.2260364302	20659.4356097033	746.503200679804	2515.01402233402	754_20655_6
406	Spectrogram 1	1	20660.9114220637	20661.1261669791	581.221815478475	2382.78891417296	754_20660_1
407	Spectrogram 1	1	20661.516568255	20661.6239596725	779.55947772007	2167.92311341123	754_20660_2
408	Spectrogram 1	1	20662.5612479905	20662.687275729	796.087616240203	2481.95774529376	754_20660_3
