Selection	View	Channel	Begin Time (s)	End Time (s)	Low Freq (Hz)	High Freq (Hz)	Annotation
1	Spectrogram 1	1	21.6793457239753	21.9259766007108	713.446923639538	2382.78891417296	760_20_1
2	Spectrogram 1	1	22.2148931799376	22.3165651481601	829.143893280468	2432.37332973336	760_20_2
3	Spectrogram 1	1	22.8081348074972	22.9105180246205	729.975062159671	2399.31705269309	760_20_3
4	Spectrogram 1	1	23.328074330771	23.5413927618248	680.390646599272	2300.14822157229	760_20_4
5	Spectrogram 1	1	23.8651601340127	24.1506360803734	663.862508079139	2382.78891417296	760_20_5
6	Spectrogram 1	1	24.3784179302095	24.7199500772421	647.334369559006	2382.78891417296	760_20_6
7	Spectrogram 1	1	24.8485752374746	25.1140958460507	597.749953998608	2432.37332973336	760_20_7
8	Spectrogram 1	1	25.7230722744354	25.9555729470355	663.862508079139	2498.48588381389	760_25_1
9	Spectrogram 1	1	26.2197172660059	26.4833749339582	680.390646599272	2118.33869785083	760_25_2
10	Spectrogram 1	1	28.0112417313169	28.1630953946698	746.503200679804	2267.09194453203	760_25_3
11	Spectrogram 1	1	28.9575298823633	29.1317724952916	663.862508079139	2399.31705269309	760_25_4
12	Spectrogram 1	1	29.9298399144161	30.0457387557024	663.862508079139	2564.59843789442	760_30_1
13	Spectrogram 1	1	30.3916253954573	30.5249455168429	696.918785119405	2564.59843789442	760_30_2
14	Spectrogram 1	1	31.0206559720615	31.3632279276824	647.334369559006	2200.9793904515	760_30_3
15	Spectrogram 1	1	32.1343613784213	32.6118412681641	614.278092518741	2333.20449861256	760_30_4
16	Spectrogram 1	1	33.1510324025609	33.4415904410666	647.334369559006	2465.42960677362	760_30_5
17	Spectrogram 1	1	34.1458658989241	34.3544162392971	614.278092518741	2382.78891417296	760_30_6
18	Spectrogram 1	1	34.6919317274317	34.9502656475565	498.58112287781	2333.20449861256	760_30_7
19	Spectrogram 1	1	36.6808587232026	36.9798337402871	614.278092518741	2597.65471493469	760_35_1
20	Spectrogram 1	1	37.2269457223641	37.4901440219097	663.862508079139	2448.90146825349	760_35_2
21	Spectrogram 1	1	438.594550037503	438.85824128666	597.749953998608	2614.18285345482	760_435_1
22	Spectrogram 1	1	439.156533926189	439.400517814341	680.390646599272	2531.54216085416	760_435_2
23	Spectrogram 1	1	439.723460094529	439.966756296913	581.221815478475	2448.90146825349	760_435_3
24	Spectrogram 1	1	440.298631933312	440.564156668512	696.918785119405	2250.5638060119	760_440_1
25	Spectrogram 1	1	941.212348342842	941.356832899433	647.334369559006	2515.01402233402	760_940_1
26	Spectrogram 1	1	942.375879781344	942.501141601203	696.918785119405	2333.20449861256	760_940_2
27	Spectrogram 1	1	943.332573001269	943.491362374854	763.031339199937	2382.78891417296	760_940_3
28	Spectrogram 1	1	946.363163117655	946.552598048104	729.975062159671	2432.37332973336	760_945_1
29	Spectrogram 1	1	946.948534911143	947.179468639668	696.918785119405	2614.18285345482	760_945_2
30	Spectrogram 1	1	948.018347898547	948.22290351297	729.975062159671	2531.54216085416	760_945_3
31	Spectrogram 1	1	948.704126871516	948.804762427984	812.615754760335	2531.54216085416	760_945_4
32	Spectrogram 1	1	949.874711253825	950.092332134596	779.55947772007	2614.18285345482	760_945_5
33	Spectrogram 1	1	953.171959851089	953.91399741479	680.390646599272	2696.82354605548	760_950_1
34	Spectrogram 1	1	954.194090119345	954.811909180695	713.446923639538	2415.84519121323	760_950_2
35	Spectrogram 1	1	955.138942195246	955.831303494919	763.031339199937	2250.5638060119	760_955_1
36	Spectrogram 1	1	956.198513509188	956.784137244378	779.55947772007	2663.76726901522	760_955_2
37	Spectrogram 1	1	1100.30436520146	1101.23176430814	531.637399918076	2481.95774529376	760_1100_1
38	Spectrogram 1	1	1101.86367563569	1102.49642515092	647.334369559006	2465.42960677362	760_1100_2
39	Spectrogram 1	1	1437.69792213641	1438.52621419539	465.524845837545	2548.07029937429	760_1435_1
40	Spectrogram 1	1	1438.78645847305	1439.18906143769	581.221815478475	2399.31705269309	760_1435_2
41	Spectrogram 1	1	1439.90270432963	1440.51283372886	630.806231038874	2564.59843789442	760_1440_1
42	Spectrogram 1	1	1445.32802552463	1446.0052768924	465.524845837545	2614.18285345482	760_1445_1
43	Spectrogram 1	1	1446.28793887989	1446.87792136546	482.052984357678	2548.07029937429	760_1445_2
44	Spectrogram 1	1	2073.6288958811	2074.33162847643	482.052984357678	1969.58545116964	760_2070_1
45	Spectrogram 1	1	2781.52564656083	2781.85042705206	482.052984357678	2382.78891417296	760_2780_1
46	Spectrogram 1	1	2782.1085964481	2782.43630563748	564.693676958342	2481.95774529376	760_2780_2
47	Spectrogram 1	1	2782.71772327459	2783.03940365852	564.693676958342	2333.20449861256	760_2780_3
48	Spectrogram 1	1	2783.32966168213	2783.66444883637	548.165538438209	2234.03566749176	760_2780_4
49	Spectrogram 1	1	2783.97374886003	2784.29348028874	581.221815478475	2300.14822157229	760_2780_5
50	Spectrogram 1	1	2812.68188458905	2813.00235921189	729.975062159671	2250.5638060119	760_2810_1
51	Spectrogram 1	1	2813.27592631913	2813.59278365869	597.749953998608	2300.14822157229	760_2810_2
52	Spectrogram 1	1	2813.90475129109	2814.21155208843	680.390646599272	2184.45125193136	760_2810_3
53	Spectrogram 1	1	2814.50379989531	2814.80859962396	564.693676958342	2267.09194453203	760_2810_4
54	Spectrogram 1	1	2815.15168410348	2815.52430021919	597.749953998608	2217.50752897163	760_2815_1
55	Spectrogram 1	1	2882.04838689015	2882.3676557519	564.693676958342	2217.50752897163	760_2880_1
56	Spectrogram 1	1	2882.64044923159	2882.96056682852	515.109261397944	2300.14822157229	760_2880_2
57	Spectrogram 1	1	2883.24704038402	2883.56028044031	647.334369559006	2283.62008305216	760_2880_3
58	Spectrogram 1	1	2883.8799928439	2884.19163611382	614.278092518741	2250.5638060119	760_2880_4
59	Spectrogram 1	1	2904.11147457539	2904.4210973484	696.918785119405	2399.31705269309	760_2900_1
60	Spectrogram 1	1	2904.7300966791	2905.03020847787	630.806231038874	2283.62008305216	760_2900_2
61	Spectrogram 1	1	2905.34865589587	2905.59883669998	581.221815478475	2267.09194453203	760_2905_1
62	Spectrogram 1	1	2905.97885927655	2906.15541376896	614.278092518741	2333.20449861256	760_2905_2
63	Spectrogram 1	1	2920.19029523157	2920.51267633863	498.58112287781	2184.45125193136	760_2920_1
64	Spectrogram 1	1	2920.81529262246	2921.15235887341	515.109261397944	2333.20449861256	760_2920_2
65	Spectrogram 1	1	2921.42959224834	2921.74717458704	564.693676958342	2184.45125193136	760_2920_3
66	Spectrogram 1	1	2944.42794826188	2944.73089246624	548.165538438209	2267.09194453203	760_2940_1
67	Spectrogram 1	1	2945.04792028505	2945.37804099661	581.221815478475	2200.9793904515	760_2945_1
68	Spectrogram 1	1	2945.63728255085	2945.97192756552	531.637399918076	2283.62008305216	760_2945_2
69	Spectrogram 1	1	2946.29054457985	2946.6326610548	564.693676958342	2415.84519121323	760_2945_3
70	Spectrogram 1	1	2983.6843562618	2984.06366648379	614.278092518741	2234.03566749176	760_2980_1
71	Spectrogram 1	1	2984.27413573124	2984.62051068006	647.334369559006	2151.3949748911	760_2980_2
72	Spectrogram 1	1	2984.89402018907	2985.14050558394	614.278092518741	2300.14822157229	760_2985_1
73	Spectrogram 1	1	2985.56033529707	2985.90733798583	597.749953998608	2151.3949748911	760_2985_2
74	Spectrogram 1	1	2999.03861760876	2999.34703462068	713.446923639538	2250.5638060119	760_2995_1
75	Spectrogram 1	1	2999.64953999412	2999.95433972276	597.749953998608	2151.3949748911	760_2995_2
76	Spectrogram 1	1	3000.25628304749	3000.59303112896	614.278092518741	2234.03566749176	760_3000_1
77	Spectrogram 1	1	3014.57475248288	3014.91817221928	680.390646599272	2200.9793904515	760_3010_1
78	Spectrogram 1	1	3015.15992523883	3015.4900459504	597.749953998608	2366.26077565283	760_3015_1
79	Spectrogram 1	1	3015.75156558933	3016.09001740392	581.221815478475	2432.37332973336	760_3015_2
80	Spectrogram 1	1	3025.050921605	3025.3762192722	597.749953998608	2349.73263713269	760_3025_1
81	Spectrogram 1	1	3025.64619526172	3025.97149292892	614.278092518741	2382.78891417296	760_3025_2
82	Spectrogram 1	1	3026.24974296423	3026.57712427003	614.278092518741	2250.5638060119	760_3025_3
83	Spectrogram 1	1	3088.65652684839	3089.16656990791	630.806231038874	2234.03566749176	760_3085_1
84	Spectrogram 1	1	3091.75205550742	3092.15655504419	614.278092518741	2432.37332973336	760_3090_1
85	Spectrogram 1	1	3106.64924061306	3106.89185866182	696.918785119405	2366.26077565283	760_3105_1
86	Spectrogram 1	1	3110.13035644414	3110.38595745956	729.975062159671	2366.26077565283	760_3110_1
87	Spectrogram 1	1	3113.82847022588	3114.05029957377	663.862508079139	2448.90146825349	760_3110_2
88	Spectrogram 1	1	3116.87801858544	3117.30893734245	597.749953998608	2465.42960677362	760_3115_1
89	Spectrogram 1	1	3127.80607990904	3128.1919773167	663.862508079139	2217.50752897163	760_3125_1
90	Spectrogram 1	1	3130.13736122291	3130.47289382919	482.052984357678	2366.26077565283	760_3130_1
91	Spectrogram 1	1	3132.40402622494	3132.75440541946	448.996707317412	2448.90146825349	760_3130_2
92	Spectrogram 1	1	3135.20267306011	3135.46003626089	415.940430277146	1936.52917412937	760_3135_1
93	Spectrogram 1	1	3140.01522327156	3140.39309535309	614.278092518741	2333.20449861256	760_3140_1
94	Spectrogram 1	1	3143.14552953999	3143.33658307017	432.468568797279	2448.90146825349	760_3140_2
95	Spectrogram 1	1	3152.96727814117	3153.31588846953	482.052984357678	2151.3949748911	760_3150_1
96	Spectrogram 1	1	3158.4269036204	3158.80016798115	432.468568797279	2200.9793904515	760_3155_1
97	Spectrogram 1	1	3179.05754430572	3179.62180988845	531.637399918076	2680.29540753535	760_3175_1
98	Spectrogram 1	1	3186.18836664094	3186.55747321962	564.693676958342	2300.14822157229	760_3185_1
99	Spectrogram 1	1	3187.43350893857	3187.85447275313	564.693676958342	2234.03566749176	760_3185_2
100	Spectrogram 1	1	3190.50728365158	3190.77687347466	564.693676958342	2101.8105593307	760_3190_1
101	Spectrogram 1	1	3196.29024141277	3196.56765788705	680.390646599272	2349.73263713269	760_3195_1
102	Spectrogram 1	1	3249.74199845493	3249.99073602365	597.749953998608	2349.73263713269	760_3250_1
103	Spectrogram 1	1	3250.49535690495	3251.03910775843	465.524845837545	2448.90146825349	760_3250_2
104	Spectrogram 1	1	3251.29075944018	3251.81632179499	630.806231038874	2349.73263713269	760_3250_3
105	Spectrogram 1	1	3252.09870626835	3252.65485409205	531.637399918076	2399.31705269309	760_3250_4
106	Spectrogram 1	1	3274.41207949178	3274.95203886089	581.221815478475	2581.12657641455	760_3270_1
107	Spectrogram 1	1	3275.2130951967	3275.78064413192	630.806231038874	2515.01402233402	760_3275_1
108	Spectrogram 1	1	3276.02449533607	3276.56965751038	581.221815478475	2267.09194453203	760_3275_2
109	Spectrogram 1	1	3306.18250022832	3306.6805773043	498.58112287781	2366.26077565283	760_3305_1
110	Spectrogram 1	1	3307.07287529281	3307.59949778273	614.278092518741	2217.50752897163	760_3305_2
111	Spectrogram 1	1	3339.15110692604	3339.67524741928	515.109261397944	2515.01402233402	760_3335_1
112	Spectrogram 1	1	3339.94458027705	3340.57943258549	696.918785119405	2382.78891417296	760_3335_2
113	Spectrogram 1	1	3340.79166783148	3341.31755225733	564.693676958342	2349.73263713269	760_3340_1
114	Spectrogram 1	1	3341.66491065467	3342.01981998913	597.749953998608	2630.71099197495	760_3340_2
115	Spectrogram 1	1	3713.5873196845	3714.08590827155	647.334369559006	2465.42960677362	760_3710_1
116	Spectrogram 1	1	3714.34549972779	3714.99116909585	548.165538438209	2548.07029937429	760_3710_2
117	Spectrogram 1	1	3715.13843341657	3715.66205293332	680.390646599272	2531.54216085416	760_3715_1
118	Spectrogram 1	1	3748.4276952234	3748.74093527968	647.334369559006	2349.73263713269	760_3745_1
119	Spectrogram 1	1	3749.03148776588	3749.3431310358	581.221815478475	2349.73263713269	760_3745_2
120	Spectrogram 1	1	3749.64449426355	3749.94645258831	614.278092518741	2316.67636009243	760_3745_3
121	Spectrogram 1	1	3750.28685113351	3750.6384118357	564.693676958342	2333.20449861256	760_3750_1
122	Spectrogram 1	1	3813.57442101741	3814.05336177553	564.693676958342	2746.40796161588	760_3810_1
123	Spectrogram 1	1	3814.34722542913	3814.86821928851	498.58112287781	2548.07029937429	760_3810_2
124	Spectrogram 1	1	3815.17607001999	3815.71566527509	515.109261397944	2630.71099197495	760_3815_1
125	Spectrogram 1	1	4937.35757918113	4937.77914837561	647.334369559006	2729.87982309575	760_4935_1
126	Spectrogram 1	1	4938.23047928579	4938.43596154769	680.390646599272	2531.54216085416	760_4935_2
127	Spectrogram 1	1	4939.14451737461	4939.54943359067	515.109261397944	2548.07029937429	760_4935_3
128	Spectrogram 1	1	5147.76263413596	5148.32383590975	663.862508079139	2399.31705269309	760_5145_1
129	Spectrogram 1	1	5148.63686074583	5149.24600653492	647.334369559006	2399.31705269309	760_5145_2
130	Spectrogram 1	1	5149.56590340099	5150.12787942613	680.390646599272	2696.82354605548	760_5145_3
131	Spectrogram 1	1	5197.91680582815	5198.55288119674	465.524845837545	2349.73263713269	760_5195_1
132	Spectrogram 1	1	5198.78424001081	5199.45694252548	564.693676958342	2267.09194453203	760_5195_2
133	Spectrogram 1	1	5609.21232201336	5609.81539515181	763.031339199937	2795.99237717628	760_5605_1
134	Spectrogram 1	1	5610.04508431366	5610.4673991985	680.390646599272	3176.13956313934	760_5610_1
135	Spectrogram 1	1	5742.54835017894	5742.65662109159	713.446923639538	2465.42960677362	760_5740_1
136	Spectrogram 1	1	5744.12776468221	5744.31855131091	630.806231038874	2250.5638060119	760_5740_2
137	Spectrogram 1	1	5749.9771783213	5750.37509569529	581.221815478475	2515.01402233402	760_5750_1
138	Spectrogram 1	1	5756.54551841474	5757.3318589105	564.693676958342	2564.59843789442	760_5755_1
139	Spectrogram 1	1	5761.02701575392	5761.43524009991	663.862508079139	2647.23913049509	760_5760_1
140	Spectrogram 1	1	5813.38922449546	5813.67715437193	482.052984357678	2316.67636009243	760_5810_1
141	Spectrogram 1	1	5815.58219618457	5816.04244346408	498.58112287781	2118.33869785083	760_5815_1
142	Spectrogram 1	1	5821.41116215335	5821.67143454699	515.109261397944	2002.6417282099	760_5820_1
143	Spectrogram 1	1	5824.96749651215	5825.30686250068	597.749953998608	2415.84519121323	760_5825_1
144	Spectrogram 1	1	5832.83384144909	5833.26379564307	581.221815478475	2134.86683637097	760_5830_1
145	Spectrogram 1	1	5834.7251800072	5834.98064320899	548.165538438209	2333.20449861256	760_5830_2
146	Spectrogram 1	1	5836.19215280309	5836.46210199885	564.693676958342	2465.42960677362	760_5835_1
147	Spectrogram 1	1	5838.68259874396	5839.15318567994	663.862508079139	2300.14822157229	760_5835_2
148	Spectrogram 1	1	5839.51638590448	5840.26357816229	581.221815478475	2614.18285345482	760_5835_3
149	Spectrogram 1	1	5840.53537028534	5841.18239061145	531.637399918076	2481.95774529376	760_5840_1
150	Spectrogram 1	1	5846.41779831835	5846.87428693442	663.862508079139	2300.14822157229	760_5845_1
151	Spectrogram 1	1	5847.28936086348	5847.75637984342	581.221815478475	2581.12657641455	760_5845_2
152	Spectrogram 1	1	5848.2816125094	5848.65619635694	746.503200679804	2432.37332973336	760_5845_3
153	Spectrogram 1	1	5859.00487008404	5859.53643274034	647.334369559006	2300.14822157229	760_5855_1
154	Spectrogram 1	1	5860.01340559263	5860.78235360783	630.806231038874	2366.26077565283	760_5860_1
155	Spectrogram 1	1	5869.24636330493	5869.73863351319	498.58112287781	2267.09194453203	760_5865_1
156	Spectrogram 1	1	5876.23538565946	5876.91008576105	581.221815478475	2432.37332973336	760_5875_1
157	Spectrogram 1	1	5877.33676302302	5877.98311050136	630.806231038874	2465.42960677362	760_5875_2
158	Spectrogram 1	1	5878.39190566394	5879.02537835524	614.278092518741	2283.62008305216	760_5875_3
159	Spectrogram 1	1	5885.04407884712	5885.19479087295	515.109261397944	2481.95774529376	760_5885_1
160	Spectrogram 1	1	5885.83563971202	5886.60014415002	564.693676958342	2548.07029937429	760_5885_2
161	Spectrogram 1	1	5886.92321459961	5887.77400003859	614.278092518741	2498.48588381389	760_5885_3
162	Spectrogram 1	1	5888.09498882994	5888.7984835937	581.221815478475	2531.54216085416	760_5885_4
163	Spectrogram 1	1	5889.27329220737	5889.72539447958	498.58112287781	2234.03566749176	760_5885_5
164	Spectrogram 1	1	6009.89094211188	6010.26466942694	564.693676958342	2085.28242081057	760_6010_1
165	Spectrogram 1	1	6017.60401482322	6017.75549327894	630.806231038874	2465.42960677362	760_6015_1
166	Spectrogram 1	1	6019.19013239877	6019.40251582712	382.88415323688	2085.28242081057	760_6015_2
167	Spectrogram 1	1	6021.46826970096	6021.84507166112	482.052984357678	2035.69800525017	760_6020_1
168	Spectrogram 1	1	6030.08689053179	6030.45789750673	564.693676958342	2184.45125193136	760_6030_1
169	Spectrogram 1	1	6036.96429202153	6037.32972382696	482.052984357678	2151.3949748911	760_6035_1
170	Spectrogram 1	1	6042.46857314132	6042.6797609661	482.052984357678	2366.26077565283	760_6040_1
171	Spectrogram 1	1	6046.85277105937	6047.24628102526	564.693676958342	2415.84519121323	760_6045_1
172	Spectrogram 1	1	6050.85827972246	6051.24192901479	465.524845837545	2366.26077565283	760_6050_1
173	Spectrogram 1	1	6060.54520883504	6060.78860780939	498.58112287781	2250.5638060119	760_6060_1
174	Spectrogram 1	1	6062.4385072245	6062.70561225556	515.109261397944	2415.84519121323	760_6060_2
175	Spectrogram 1	1	6076.45928319333	6076.82662928051	432.468568797279	2465.42960677362	760_6075_1
176	Spectrogram 1	1	6078.11754248016	6078.46320960689	515.109261397944	2432.37332973336	760_6075_2
177	Spectrogram 1	1	6080.21297647977	6080.51531848964	465.524845837545	2234.03566749176	760_6080_1
178	Spectrogram 1	1	6081.67482002775	6081.97989388426	498.58112287781	2052.2261437703	760_6080_2
179	Spectrogram 1	1	6083.24409091163	6083.5211756159	597.749953998608	2333.20449861256	760_6080_3
180	Spectrogram 1	1	6085.16961581701	6085.41686089583	482.052984357678	2349.73263713269	760_6085_1
181	Spectrogram 1	1	6087.08731397648	6087.4067154264	432.468568797279	2349.73263713269	760_6085_2
182	Spectrogram 1	1	6089.89753774928	6090.13033473911	465.524845837545	2267.09194453203	760_6090_1
183	Spectrogram 1	1	6093.85174584676	6094.0683549297	548.165538438209	2234.03566749176	760_6090_2
184	Spectrogram 1	1	6096.03236711538	6096.26845701237	432.468568797279	2052.2261437703	760_6095_1
185	Spectrogram 1	1	6097.72853377404	6098.10114988976	630.806231038874	2300.14822157229	760_6095_2
186	Spectrogram 1	1	6972.30682043011	6972.55690607095	465.524845837545	2630.71099197495	760_6970_1
187	Spectrogram 1	1	6972.831956875	6973.08318706121	498.58112287781	2614.18285345482	760_6970_2
188	Spectrogram 1	1	6973.39256069191	6973.63469662461	597.749953998608	2515.01402233402	760_6970_3
189	Spectrogram 1	1	6973.95100169152	6974.19882153266	630.806231038874	2432.37332973336	760_6970_4
190	Spectrogram 1	1	8431.17349053926	8431.60648585549	498.58112287781	1936.52917412937	760_8430_1
191	Spectrogram 1	1	9731.59489522006	9731.77800670656	696.918785119405	2399.31705269309	760_9730_1
192	Spectrogram 1	1	9732.11048797996	9732.15054599563	746.503200679804	2597.65471493469	760_9730_2
193	Spectrogram 1	1	9732.70411275053	9732.90927500567	729.975062159671	2481.95774529376	760_9730_3
194	Spectrogram 1	1	9733.27150814015	9733.50446277744	779.55947772007	2630.71099197495	760_9730_4
195	Spectrogram 1	1	9733.83790951782	9734.11661232217	729.975062159671	2531.54216085416	760_9730_5
196	Spectrogram 1	1	9734.41458544195	9734.65324263338	812.615754760335	2713.35168457562	760_9730_6
197	Spectrogram 1	1	9735.00747570152	9735.19228284405	663.862508079139	2399.31705269309	760_9735_1
198	Spectrogram 1	1	9735.60073926717	9735.89608649067	614.278092518741	2349.73263713269	760_9735_2
199	Spectrogram 1	1	9736.20703773939	9736.42809941331	746.503200679804	2267.09194453203	760_9735_3
200	Spectrogram 1	1	9736.79371453011	9737.12738805356	663.862508079139	2250.5638060119	760_9735_4
201	Spectrogram 1	1	9737.36360197851	9737.76666614883	614.278092518741	2432.37332973336	760_9735_5
202	Spectrogram 1	1	9737.95029175189	9738.34736916127	647.334369559006	2349.73263713269	760_9735_6
203	Spectrogram 1	1	9738.56900512738	9738.93761968155	614.278092518741	2432.37332973336	760_9735_7
204	Spectrogram 1	1	9739.21932433104	9739.54977030037	994.425278481797	2630.71099197495	760_9735_8
205	Spectrogram 1	1	9739.73555018901	9740.01120507036	713.446923639538	2581.12657641455	760_9735_9
206	Spectrogram 1	1	9740.75213154945	9741.03591382821	696.918785119405	2762.93610013602	760_9740_1
207	Spectrogram 1	1	9741.34177815254	9741.58267333821	746.503200679804	2200.9793904515	760_9740_2
208	Spectrogram 1	1	9742.3316414851	9742.49226064455	680.390646599272	2068.75428229043	760_9740_3
209	Spectrogram 1	1	9742.78817656958	9743.13559085096	696.918785119405	2382.78891417296	760_9740_4
210	Spectrogram 1	1	9743.39841630727	9743.64774995077	796.087616240203	2515.01402233402	760_9740_5
211	Spectrogram 1	1	9745.76965027634	9745.93178271629	746.503200679804	2465.42960677362	760_9745_1
212	Spectrogram 1	1	9746.30429336574	9746.48892406637	779.55947772007	2068.75428229043	760_9745_2
213	Spectrogram 1	1	9748.42522275616	9748.5591949925	796.087616240203	2548.07029937429	760_9745_3
214	Spectrogram 1	1	9750.58927489264	9750.85073611403	796.087616240203	2432.37332973336	760_9750_3
215	Spectrogram 1	1	9751.58126871701	9751.74505711742	812.615754760335	2283.62008305216	760_9750_2
216	Spectrogram 1	1	9752.10756836652	9752.35662092507	597.749953998608	2415.84519121323	760_9750_1
217	Spectrogram 1	1	9753.60661340881	9753.83371858441	911.784585881133	2333.20449861256	760_9750_4
218	Spectrogram 1	1	9754.18301159843	9754.48761794586	581.221815478475	2002.6417282099	760_9750_5
219	Spectrogram 1	1	9754.69953364944	9754.98440819584	482.052984357678	2134.86683637097	760_9750_6
220	Spectrogram 1	1	9897.2307720154	9897.56713025302	366.356014716747	2316.67636009243	760_9895_1
221	Spectrogram 1	1	9929.8850024594	9930.11147816193	548.165538438209	2300.14822157229	760_9930_1
222	Spectrogram 1	1	9938.00369324823	9938.29407568487	515.109261397944	2432.37332973336	760_9935_1
223	Spectrogram 1	1	9940.66179059244	9940.98802288251	597.749953998608	2035.69800525017	760_9940_1
224	Spectrogram 1	1	9943.70316757334	9943.99829221749	663.862508079139	1820.83220448844	760_9940_2
225	Spectrogram 1	1	9950.13982376331	9950.42385298735	614.278092518741	2564.59843789442	760_9950_1
226	Spectrogram 1	1	9963.14680664178	9963.49783613278	564.693676958342	1936.52917412937	760_9960_1
227	Spectrogram 1	1	9969.50791408637	9969.81879156774	448.996707317412	2300.14822157229	760_9965_1
228	Spectrogram 1	1	9971.79458034298	9972.25218395956	482.052984357678	2085.28242081057	760_9970_1
229	Spectrogram 1	1	9975.4591600346	9975.84594441182	482.052984357678	2349.73263713269	760_9975_1
230	Spectrogram 1	1	9982.04051836177	9982.35768083054	432.468568797279	2217.50752897163	760_9980_1
231	Spectrogram 1	1	9985.14880812347	9985.54891374959	465.524845837545	2134.86683637097	760_9985_1
232	Spectrogram 1	1	9987.03303625036	9987.37268097029	515.109261397944	1953.0573126495	760_9985_2
233	Spectrogram 1	1	9988.98806233358	9989.35080742125	531.637399918076	2184.45125193136	760_9985_3
234	Spectrogram 1	1	9990.80132063879	9991.14161236286	630.806231038874	2283.62008305216	760_9990_1
235	Spectrogram 1	1	9993.07362951088	9993.33631928949	548.165538438209	2184.45125193136	760_9990_2
236	Spectrogram 1	1	10020.3286110477	10020.6432222476	283.715322116083	2200.9793904515	760_10020_1
237	Spectrogram 1	1	10890.4754793067	10891.0591662271	482.052984357678	2366.26077565283	760_10890_1
238	Spectrogram 1	1	10891.3231321317	10891.9245531383	498.58112287781	2564.59843789442	760_10890_2
239	Spectrogram 1	1	10892.2169266952	10892.821494452	581.221815478475	2333.20449861256	760_10890_3
240	Spectrogram 1	1	11007.682247343	11008.260204088	597.749953998608	2283.62008305216	760_11005_1
241	Spectrogram 1	1	11008.5491087739	11009.1388236754	564.693676958342	2399.31705269309	760_11005_2
242	Spectrogram 1	1	11009.4608942808	11010.0573030884	597.749953998608	2448.90146825349	760_11005_3
243	Spectrogram 1	1	11029.1144414811	11029.73572524	531.637399918076	2382.78891417296	760_11025_1
244	Spectrogram 1	1	11029.9984085413	11030.6015900565	531.637399918076	2267.09194453203	760_11030_1
245	Spectrogram 1	1	11030.9419590811	11031.5390286624	647.334369559006	2234.03566749176	760_11030_2
246	Spectrogram 1	1	11053.31527671	11053.8805750686	448.996707317412	2465.42960677362	760_11050_1
247	Spectrogram 1	1	11054.1644112213	11054.6618557731	498.58112287781	2448.90146825349	760_11050_2
248	Spectrogram 1	1	11055.102526327	11055.7229792276	548.165538438209	2366.26077565283	760_11055_1
249	Spectrogram 1	1	11069.7648426282	11070.4073742914	515.109261397944	2415.84519121323	760_11065_1
250	Spectrogram 1	1	11070.6361623902	11071.2987328566	564.693676958342	2217.50752897163	760_11070_1
251	Spectrogram 1	1	11108.6976888915	11109.2613201982	548.165538438209	2349.73263713269	760_11105_1
252	Spectrogram 1	1	11109.571262971	11109.9054180479	630.806231038874	2415.84519121323	760_11110_1
253	Spectrogram 1	1	11128.7033744648	11129.2829932931	564.693676958342	2234.03566749176	760_11125_1
254	Spectrogram 1	1	11129.5764527466	11130.1519439161	482.052984357678	2200.9793904515	760_11125_2
255	Spectrogram 1	1	11130.4782103647	11131.1012328776	630.806231038874	2316.67636009243	760_11130_1
256	Spectrogram 1	1	11146.1867889546	11146.7249894064	564.693676958342	2250.5638060119	760_11145_1
257	Spectrogram 1	1	11147.0882976902	11147.5258076337	498.58112287781	2250.5638060119	760_11145_2
258	Spectrogram 1	1	11148.0298212577	11148.3043748426	515.109261397944	2300.14822157229	760_11145_3
259	Spectrogram 1	1	11177.4485247499	11178.0307905831	531.637399918076	2481.95774529376	760_11175_1
260	Spectrogram 1	1	11178.3343332829	11178.9226774876	630.806231038874	2300.14822157229	760_11175_2
261	Spectrogram 1	1	11179.2906961628	11179.892199315	564.693676958342	2448.90146825349	760_11175_3
262	Spectrogram 1	1	11202.6679053573	11203.256249562	498.58112287781	2349.73263713269	760_11200_1
263	Spectrogram 1	1	11203.5634704262	11204.1400453064	597.749953998608	2415.84519121323	760_11200_2
264	Spectrogram 1	1	11313.0861725719	11313.6922104521	597.749953998608	2432.37332973336	760_11310_1
265	Spectrogram 1	1	11314.0497404491	11314.6321553387	597.749953998608	2432.37332973336	760_11310_2
266	Spectrogram 1	1	11315.0192048272	11315.6472188872	597.749953998608	2548.07029937429	760_11315_1
267	Spectrogram 1	1	11447.0753110692	11447.6535570684	531.637399918076	2267.09194453203	760_11445_1
268	Spectrogram 1	1	11447.9836887538	11448.5972895986	548.165538438209	2333.20449861256	760_11445_2
269	Spectrogram 1	1	11448.9113419887	11449.5205020993	531.637399918076	2498.48588381389	760_11445_3
270	Spectrogram 1	1	11468.7636992592	11469.3504941559	680.390646599272	2498.48588381389	760_11465_1
271	Spectrogram 1	1	11469.6299579044	11470.2298221578	548.165538438209	2680.29540753535	760_11465_2
272	Spectrogram 1	1	11470.6239642112	11471.2604049071	531.637399918076	2184.45125193136	760_11470_1
273	Spectrogram 1	1	11515.6090820842	11516.2177770165	614.278092518741	2217.50752897163	760_11515_1
274	Spectrogram 1	1	11516.5112873287	11517.1361170605	531.637399918076	2366.26077565283	760_11515_2
275	Spectrogram 1	1	11517.4476117166	11518.0612125614	647.334369559006	2333.20449861256	760_11515_3
276	Spectrogram 1	1	11529.5506660899	11530.1242501969	581.221815478475	2366.26077565283	760_11525_1
277	Spectrogram 1	1	11530.4601341195	11531.077872235	498.58112287781	2200.9793904515	760_11530_1
278	Spectrogram 1	1	11531.4005698372	11532.0153561411	581.221815478475	2382.78891417296	760_11530_2
279	Spectrogram 1	1	11542.4752922735	11543.0796071987	432.468568797279	2300.14822157229	760_11540_1
280	Spectrogram 1	1	11543.3918457123	11543.978640609	531.637399918076	2465.42960677362	760_11540_2
281	Spectrogram 1	1	11544.3423663762	11544.9409177169	531.637399918076	2399.31705269309	760_11540_3
282	Spectrogram 1	1	11570.1926272574	11570.7984222152	564.693676958342	2432.37332973336	760_11570_1
283	Spectrogram 1	1	11571.0744828806	11571.6966487134	515.109261397944	2432.37332973336	760_11570_2
284	Spectrogram 1	1	11572.0439934061	11572.6694362087	614.278092518741	2448.90146825349	760_11570_3
285	Spectrogram 1	1	11590.2161084893	11590.836847605	482.052984357678	2349.73263713269	760_11590_1
286	Spectrogram 1	1	11591.1295307705	11591.7356409684	581.221815478475	2448.90146825349	760_11590_2
287	Spectrogram 1	1	11592.0691799168	11592.7109045998	630.806231038874	2267.09194453203	760_11590_3
288	Spectrogram 1	1	11604.6083410909	11604.8289664262	663.862508079139	2448.90146825349	760_11605_1
289	Spectrogram 1	1	11605.5228803821	11606.1450462148	531.637399918076	2316.67636009243	760_11605_2
290	Spectrogram 1	1	11627.6451181559	11628.2450961961	647.334369559006	2333.20449861256	760_11625_1
291	Spectrogram 1	1	11628.5370233271	11629.1355746678	515.109261397944	2316.67636009243	760_11625_2
292	Spectrogram 1	1	11629.463335945	11630.0664156131	597.749953998608	2515.01402233402	760_11625_3
293	Spectrogram 1	1	11656.8656318899	11657.4641557006	531.637399918076	2200.9793904515	760_11655_1
294	Spectrogram 1	1	11657.752780388	11658.3544975618	597.749953998608	2234.03566749176	760_11655_2
295	Spectrogram 1	1	11658.6766652712	11659.2547001537	548.165538438209	2366.26077565283	760_11655_3
296	Spectrogram 1	1	11673.8693957453	11674.4623268711	630.806231038874	2349.73263713269	760_11670_1
297	Spectrogram 1	1	11674.7735106229	11675.356938455	581.221815478475	2366.26077565283	760_11670_2
298	Spectrogram 1	1	11684.1164475749	11684.68690865	597.749953998608	2399.31705269309	760_11680_1
299	Spectrogram 1	1	11685.0056825817	11685.6613606142	647.334369559006	2349.73263713269	760_11685_1
300	Spectrogram 1	1	11685.9373623058	11686.5733838775	663.862508079139	2548.07029937429	760_11685_2
301	Spectrogram 1	1	11693.0814725875	11693.6662674104	647.334369559006	2481.95774529376	760_11690_1
302	Spectrogram 1	1	11694.0181946613	11694.6756664033	581.221815478475	2498.48588381389	760_11690_2
303	Spectrogram 1	1	11701.2634528652	11701.8723355462	515.109261397944	2250.5638060119	760_11700_1
304	Spectrogram 1	1	11702.2883084297	11702.898948785	498.58112287781	2399.31705269309	760_11700_2
305	Spectrogram 1	1	11711.3542437816	11711.9559609554	564.693676958342	2515.01402233402	760_11710_1
306	Spectrogram 1	1	11712.2420788916	11712.8759062652	548.165538438209	2432.37332973336	760_11710_2
307	Spectrogram 1	1	11713.2091609062	11713.8153605274	465.524845837545	2382.78891417296	760_11710_3
308	Spectrogram 1	1	11721.6677276106	11722.2811161086	630.806231038874	2333.20449861256	760_11720_1
309	Spectrogram 1	1	11722.5646660806	11723.1809282903	564.693676958342	2564.59843789442	760_11720_2
310	Spectrogram 1	1	11740.1327796298	11740.7388898276	498.58112287781	2498.48588381389	760_11740_1
311	Spectrogram 1	1	11741.0373285727	11741.6672121094	614.278092518741	2349.73263713269	760_11740_2
312	Spectrogram 1	1	11742.0156497951	11742.6363397221	597.749953998608	2564.59843789442	760_11740_3
313	Spectrogram 1	1	11749.8839239915	11750.3655769072	564.693676958342	2515.01402233402	760_11750_1
314	Spectrogram 1	1	11750.7660949018	11751.3879539675	515.109261397944	2531.54216085416	760_11750_2
315	Spectrogram 1	1	11771.3931280682	11772.0065165662	614.278092518741	2349.73263713269	760_11770_1
316	Spectrogram 1	1	11772.296858558	11772.9146574267	498.58112287781	2481.95774529376	760_11770_2
317	Spectrogram 1	1	11778.627793346	11779.2134027651	614.278092518741	2366.26077565283	760_11775_1
318	Spectrogram 1	1	11779.5029611708	11780.0891178157	581.221815478475	2581.12657641455	760_11775_2
319	Spectrogram 1	1	11792.3981539422	11792.9660481332	531.637399918076	2663.76726901522	760_11790_1
320	Spectrogram 1	1	11793.2734896337	11793.8765872668	597.749953998608	2465.42960677362	760_11790_2
321	Spectrogram 1	1	11794.1829409473	11794.7595763566	581.221815478475	2432.37332973336	760_11790_3
322	Spectrogram 1	1	11795.1294366465	11795.7545542908	531.637399918076	2349.73263713269	760_11795_1
323	Spectrogram 1	1	11805.6092012699	11806.2178962022	515.109261397944	2481.95774529376	760_11805_1
324	Spectrogram 1	1	11806.4983603481	11807.1306167451	448.996707317412	2663.76726901522	760_11805_2
325	Spectrogram 1	1	11818.2376945673	11818.8452025711	482.052984357678	2481.95774529376	760_11815_1
326	Spectrogram 1	1	11819.1557100184	11819.7383907548	515.109261397944	2349.73263713269	760_11815_2
327	Spectrogram 1	1	11831.7747750973	11832.4043128789	531.637399918076	2515.01402233402	760_11830_1
328	Spectrogram 1	1	11832.6751108966	11833.3567656182	680.390646599272	2432.37332973336	760_11830_2
329	Spectrogram 1	1	11849.5067628773	11850.1343821205	564.693676958342	2399.31705269309	760_11845_1
330	Spectrogram 1	1	11850.4029792387	11850.9971035251	548.165538438209	2663.76726901522	760_11850_1
331	Spectrogram 1	1	11859.0494298225	11859.7549260221	564.693676958342	2515.01402233402	760_11855_1
332	Spectrogram 1	1	11859.9555566049	11860.692725684	696.918785119405	2316.67636009243	760_11860_1
333	Spectrogram 1	1	11870.4915878276	11871.1146043558	680.390646599272	2349.73263713269	760_11870_1
334	Spectrogram 1	1	11871.3825260272	11872.0198107876	614.278092518741	2200.9793904515	760_11870_2
335	Spectrogram 1	1	11872.322223532	11873.0590860229	581.221815478475	2300.14822157229	760_11870_3
336	Spectrogram 1	1	11906.3006824229	11906.8743415365	465.524845837545	2481.95774529376	760_11905_1
337	Spectrogram 1	1	11907.158209727	11907.7703303271	531.637399918076	2481.95774529376	760_11905_2
338	Spectrogram 1	1	11908.1232053651	11908.714380269	581.221815478475	2448.90146825349	760_11905_3
339	Spectrogram 1	1	11917.05394914	11917.639437329	597.749953998608	2548.07029937429	760_11915_1
340	Spectrogram 1	1	11917.9305180572	11918.5070074574	515.109261397944	2531.54216085416	760_11915_2
341	Spectrogram 1	1	11931.5879261371	11932.1854655143	564.693676958342	2415.84519121323	760_11930_1
342	Spectrogram 1	1	11932.4466742086	11932.9866761592	680.390646599272	2713.35168457562	760_11930_2
343	Spectrogram 1	1	11954.5963479234	11955.1679553448	564.693676958342	2548.07029937429	760_11950_1
344	Spectrogram 1	1	11955.46398733	11956.0257887609	581.221815478475	2300.14822157229	760_11955_1
345	Spectrogram 1	1	11969.1985291347	11969.8115307325	548.165538438209	2515.01402233402	760_11965_1
346	Spectrogram 1	1	11970.1178138322	11970.4657094208	696.918785119405	1473.74129556565	760_11970_1
347	Spectrogram 1	1	11983.6257288812	11984.2755206466	614.278092518741	2432.37332973336	760_11980_1
348	Spectrogram 1	1	11984.4887686063	11985.1656069117	498.58112287781	2415.84519121323	760_11980_2
349	Spectrogram 1	1	12007.638363912	12008.2430097685	531.637399918076	2316.67636009243	760_12005_1
350	Spectrogram 1	1	12008.5213039803	12009.1067921693	531.637399918076	2465.42960677362	760_12005_2
351	Spectrogram 1	1	12009.4257894761	12010.006234671	498.58112287781	2548.07029937429	760_12005_3
352	Spectrogram 1	1	12027.5677428938	12028.1546328692	465.524845837545	2250.5638060119	760_12025_1
353	Spectrogram 1	1	12028.4737184666	12029.0635849879	564.693676958342	2415.84519121323	760_12025_2
354	Spectrogram 1	1	12043.0689171319	12043.645492012	597.749953998608	2515.01402233402	760_12040_1
355	Spectrogram 1	1	12043.9740289231	12044.5564438127	515.109261397944	2597.65471493469	760_12040_2
356	Spectrogram 1	1	12210.4445190107	12211.0473739336	581.221815478475	2415.84519121323	760_12210_1
357	Spectrogram 1	1	12211.3139249318	12211.9097847403	597.749953998608	2415.84519121323	760_12210_2
358	Spectrogram 1	1	12212.230721081	12212.8309739135	548.165538438209	2515.01402233402	760_12210_3
359	Spectrogram 1	1	12299.3416333058	12299.9052125188	548.165538438209	2465.42960677362	760_12295_1
360	Spectrogram 1	1	12300.2201928697	12300.8263030675	597.749953998608	2448.90146825349	760_12300_1
361	Spectrogram 1	1	12301.1115768357	12301.7322667627	482.052984357678	2531.54216085416	760_12300_2
362	Spectrogram 1	1	12315.2334245902	12315.8203612171	531.637399918076	2663.76726901522	760_12315_1
363	Spectrogram 1	1	12316.1085570019	12316.7219454999	482.052984357678	2597.65471493469	760_12315_2
364	Spectrogram 1	1	12327.4386198444	12328.0212111575	564.693676958342	2448.90146825349	760_12325_1
365	Spectrogram 1	1	12328.2986141577	12328.8839490521	498.58112287781	2515.01402233402	760_12325_2
366	Spectrogram 1	1	12348.5205763309	12348.9845492862	614.278092518741	2597.65471493469	760_12345_1
367	Spectrogram 1	1	12349.2404144781	12349.6482530068	531.637399918076	2663.76726901522	760_12345_2
368	Spectrogram 1	1	12349.9837276991	12350.4930079598	614.278092518741	2333.20449861256	760_12350_1
369	Spectrogram 1	1	12357.7258387052	12358.1545069459	548.165538438209	2829.04865421655	760_12355_1
370	Spectrogram 1	1	12358.4812362343	12358.9278121111	548.165538438209	2564.59843789442	760_12355_2
371	Spectrogram 1	1	12380.7207751804	12381.1344028487	713.446923639538	2746.40796161588	760_12380_1
372	Spectrogram 1	1	12381.4853603202	12382.0895844892	746.503200679804	2531.54216085416	760_12380_2
373	Spectrogram 1	1	12427.0501607383	12427.5783870627	548.165538438209	2581.12657641455	760_12425_1
374	Spectrogram 1	1	12427.9030247625	12428.4608506713	564.693676958342	2713.35168457562	760_12425_2
375	Spectrogram 1	1	12564.3803881162	12564.873645207	614.278092518741	2795.99237717628	760_12560_1
376	Spectrogram 1	1	12565.1228043637	12565.698928429	647.334369559006	2597.65471493469	760_12565_1
377	Spectrogram 1	1	12933.1825335212	12933.9213927194	597.749953998608	2977.80190089774	760_12930_1
378	Spectrogram 1	1	12934.3549183311	12935.0051263732	614.278092518741	2630.71099197495	760_12930_2
379	Spectrogram 1	1	13084.4704712864	13084.7752114968	614.278092518741	2167.92311341123	760_13080_1
380	Spectrogram 1	1	13636.1451187639	13636.286713374	663.862508079139	2663.76726901522	760_13635_1
381	Spectrogram 1	1	13636.7106038371	13636.8297274865	630.806231038874	2630.71099197495	760_13635_2
382	Spectrogram 1	1	14184.3641787331	14184.9717532724	531.637399918076	2465.42960677362	760_14180_1
383	Spectrogram 1	1	14185.5400128361	14186.1475873753	515.109261397944	2498.48588381389	760_14185_1
384	Spectrogram 1	1	14186.3424135048	14186.8735600829	531.637399918076	2481.95774529376	760_14185_2
385	Spectrogram 1	1	14187.09261796	14187.5779253608	564.693676958342	2465.42960677362	760_14185_3
386	Spectrogram 1	1	14188.0311795873	14188.4393175196	630.806231038874	2498.48588381389	760_14185_4
387	Spectrogram 1	1	14189.7073610453	14190.0961418158	647.334369559006	2515.01402233402	760_14185_5
388	Spectrogram 1	1	14190.5559239645	14191.0114679843	564.693676958342	2862.10493125681	760_14190_1
389	Spectrogram 1	1	14191.2871779412	14191.5623324316	763.031339199937	2564.59843789442	760_14190_2
390	Spectrogram 1	1	14192.8686665616	14193.4299976702	581.221815478475	2878.63306977695	760_14190_3
391	Spectrogram 1	1	14193.8048576607	14194.3172191849	663.862508079139	2663.76726901522	760_14190_4
392	Spectrogram 1	1	14194.8506867711	14195.6116906494	564.693676958342	2663.76726901522	760_14190_5
393	Spectrogram 1	1	14195.9419986293	14196.6282243964	531.637399918076	2779.46423865615	760_14195_1
394	Spectrogram 1	1	14197.3383116356	14197.8989316189	482.052984357678	2911.68934681721	760_14195_2
395	Spectrogram 1	1	14205.1462518581	14205.564324636	515.109261397944	2647.23913049509	760_14205_1
396	Spectrogram 1	1	14206.9065324947	14207.5115135074	448.996707317412	2663.76726901522	760_14205_2
397	Spectrogram 1	1	14207.9055262903	14208.3481420753	548.165538438209	2647.23913049509	760_14205_3
398	Spectrogram 1	1	14210.8152320195	14211.208193926	746.503200679804	2432.37332973336	760_14210_1
399	Spectrogram 1	1	14211.5633032569	14211.8531840205	713.446923639538	2713.35168457562	760_14210_2
400	Spectrogram 1	1	14212.3712851146	14212.9622233325	548.165538438209	2680.29540753535	760_14210_3
401	Spectrogram 1	1	14213.3033292494	14213.7906688933	597.749953998608	2531.54216085416	760_14210_4
402	Spectrogram 1	1	14214.2313886783	14215.177380779	548.165538438209	2498.48588381389	760_14210_5
403	Spectrogram 1	1	14220.8445463293	14221.2450587573	531.637399918076	2779.46423865615	760_14220_1
404	Spectrogram 1	1	14222.3265267487	14222.5839253714	432.468568797279	3093.49887053867	760_14220_2
405	Spectrogram 1	1	14223.0563695511	14223.423909096	581.221815478475	2961.27376237761	760_14220_3
406	Spectrogram 1	1	14250.0645864938	14250.6632737563	498.58112287781	2647.23913049509	760_14250_1
407	Spectrogram 1	1	17841.1240685926	17841.4286749401	432.468568797279	2382.78891417296	760_17840_1
408	Spectrogram 1	1	17841.5610094786	17841.7716673038	465.524845837545	2465.42960677362	760_17840_2
409	Spectrogram 1	1	17842.0457714337	17842.3489814098	531.637399918076	2746.40796161588	760_17840_3
410	Spectrogram 1	1	18021.1651892649	18021.3175587999	564.693676958342	2167.92311341123	760_18020_4
411	Spectrogram 1	1	18021.5829218103	18021.8744643341	597.749953998608	2597.65471493469	760_18020_1
412	Spectrogram 1	1	18021.9828892725	18022.1834284701	399.412291757013	2465.42960677362	760_18020_2
413	Spectrogram 1	1	18022.4803707472	18022.5463171728	482.052984357678	2564.59843789442	760_18020_3
414	Spectrogram 1	1	18041.64044831	18041.7364592015	531.637399918076	1953.0573126495	760_18040_1
415	Spectrogram 1	1	18042.18183994	18042.3299531293	597.749953998608	2267.09194453203	760_18040_2
416	Spectrogram 1	1	18042.7495641686	18042.9161907731	597.749953998608	2481.95774529376	760_18040_3
417	Spectrogram 1	1	18044.4239961261	18044.5151730302	746.503200679804	2432.37332973336	760_18040_4
418	Spectrogram 1	1	18046.0591436179	18046.3022304417	581.221815478475	2432.37332973336	760_18045_1
419	Spectrogram 1	1	18046.649751504	18046.9289445525	663.862508079139	2465.42960677362	760_18045_2
420	Spectrogram 1	1	18052.0251599459	18052.1859107948	382.88415323688	2382.78891417296	760_18050_1
421	Spectrogram 1	1	18052.5442744401	18052.7450098887	465.524845837545	2515.01402233402	760_18050_2
422	Spectrogram 1	1	18393.4162900726	18393.6877655821	581.221815478475	2052.2261437703	760_18390_1
423	Spectrogram 1	1	18400.8889661735	18401.1309455892	581.221815478475	2234.03566749176	760_18400_1
424	Spectrogram 1	1	18670.8737446973	18671.0153543532	663.862508079139	2465.42960677362	760_18670_1
425	Spectrogram 1	1	18671.3892907268	18671.4701580558	630.806231038874	2564.59843789442	760_18670_2
426	Spectrogram 1	1	19435.6887216865	19435.9308167399	564.693676958342	2432.37332973336	760_19435_1
427	Spectrogram 1	1	19448.294547469	19448.4173684527	548.165538438209	2267.09194453203	760_19445_1
428	Spectrogram 1	1	19449.0099903315	19449.3264116182	482.052984357678	2564.59843789442	760_19445_2
