Selection	View	Channel	Begin Time (s)	End Time (s)	Low Freq (Hz)	High Freq (Hz)	Annotation
1	Spectrogram 1	1	907.485223271303	907.730769549069	614.278092518741	2382.78891417296	761_905_1
2	Spectrogram 1	1	908.010402279089	908.246854303355	482.052984357678	2432.37332973336	761_905_2
3	Spectrogram 1	1	908.517670905339	908.763543541668	448.996707317412	2515.01402233402	761_905_3
4	Spectrogram 1	1	909.109692087643	909.372320362772	482.052984357678	2564.59843789442	761_905_4
5	Spectrogram 1	1	969.979119176273	970.091628192436	415.940430277146	2548.07029937429	761_970_1
6	Spectrogram 1	1	970.431654270957	970.56587742089	515.109261397944	2548.07029937429	761_970_2
7	Spectrogram 1	1	1080.61555954511	1080.86429711383	465.524845837545	2465.42960677362	761_1080_1
8	Spectrogram 1	1	1081.15568167129	1081.40691185749	498.58112287781	2531.54216085416	761_1080_2
9	Spectrogram 1	1	1081.70026389301	1081.94449711405	482.052984357678	2399.31705269309	761_1080_3
10	Spectrogram 1	1	1082.24389136832	1082.49171386301	415.940430277146	2481.95774529376	761_1080_4
11	Spectrogram 1	1	1082.82927523183	1083.09038023177	482.052984357678	2515.01402233402	761_1080_5
12	Spectrogram 1	1	1090.84326275835	1091.13306619899	498.58112287781	2333.20449861256	761_1090_1
13	Spectrogram 1	1	1091.39551087118	1091.57543706376	515.109261397944	2250.5638060119	761_1090_2
14	Spectrogram 1	1	1250.81754299519	1251.1967041176	663.862508079139	3242.25211721987	761_1250_1
15	Spectrogram 1	1	1251.65031831077	1252.02208455613	614.278092518741	3291.83653278027	761_1250_2
16	Spectrogram 1	1	1252.55065262788	1252.9255149539	647.334369559006	3357.9490868608	761_1250_3
17	Spectrogram 1	1	1337.64449572949	1338.02431610639	647.334369559006	3324.89280982053	761_1335_1
18	Spectrogram 1	1	1338.47954109908	1338.84989249549	663.862508079139	3060.44259349841	761_1335_2
19	Spectrogram 1	1	1339.35991395034	1339.7345470852	696.918785119405	3126.55514757894	761_1335_3
20	Spectrogram 1	1	1713.40734671337	1713.96349453707	564.693676958342	2382.78891417296	761_1710_1
21	Spectrogram 1	1	1714.23336422311	1714.80871334639	581.221815478475	2564.59843789442	761_1710_2
22	Spectrogram 1	1	1715.13071939849	1715.70339017284	515.109261397944	2399.31705269309	761_1715_1
23	Spectrogram 1	1	2163.46706645656	2163.80112238572	696.918785119405	3440.58977946146	761_2160_1
24	Spectrogram 1	1	2164.29282531334	2164.60946628417	680.390646599272	3357.9490868608	761_2160_2
25	Spectrogram 1	1	3467.49107157704	3467.87430277995	630.806231038874	2779.46423865615	761_3465_1
26	Spectrogram 1	1	3468.298917574	3468.58650761049	680.390646599272	2779.46423865615	761_3465_2
27	Spectrogram 1	1	4383.05245301844	4383.19050010363	415.940430277146	2481.95774529376	761_4380_1
28	Spectrogram 1	1	4384.77313645588	4385.10372184427	432.468568797279	1969.58545116964	761_4380_2
29	Spectrogram 1	1	4537.27099173092	4537.65132922828	713.446923639538	3093.49887053867	761_4535_1
30	Spectrogram 1	1	4538.08251477475	4538.44742882828	680.390646599272	3242.25211721987	761_4535_2
31	Spectrogram 1	1	4538.91824047836	4539.30189660189	630.806231038874	3176.13956313934	761_4535_3
32	Spectrogram 1	1	4927.33706801312	4927.53051812796	597.749953998608	2465.42960677362	761_4925_1
33	Spectrogram 1	1	4927.95491304561	4928.08128917271	663.862508079139	2597.65471493469	761_4925_2
34	Spectrogram 1	1	4928.82428315122	4928.9336449958	696.918785119405	2581.12657641455	761_4925_3
35	Spectrogram 1	1	4930.54452750567	4930.7636654536	581.221815478475	2432.37332973336	761_4930_1
36	Spectrogram 1	1	4931.18595803404	4931.30583126769	548.165538438209	2432.37332973336	761_4930_2
37	Spectrogram 1	1	4931.75439379988	4931.98105314248	581.221815478475	2267.09194453203	761_4930_3
38	Spectrogram 1	1	4933.0103205131	4933.27250457107	729.975062159671	2399.31705269309	761_4930_4
39	Spectrogram 1	1	4933.73731689475	4934.00366029137	531.637399918076	2200.9793904515	761_4930_5
40	Spectrogram 1	1	4934.43253076024	4934.60972905752	746.503200679804	2283.62008305216	761_4930_6
41	Spectrogram 1	1	4934.86621348839	4935.12719194467	531.637399918076	2134.86683637097	761_4930_7
42	Spectrogram 1	1	4935.56190419043	4935.71415294117	630.806231038874	2052.2261437703	761_4935_1
43	Spectrogram 1	1	4936.05757929089	4936.25289887212	663.862508079139	2167.92311341123	761_4935_2
44	Spectrogram 1	1	4936.62921325514	4936.85062985228	614.278092518741	2002.6417282099	761_4935_3
45	Spectrogram 1	1	4937.0806061005	4937.30375957878	415.940430277146	2283.62008305216	761_4935_4
46	Spectrogram 1	1	4937.72413869246	4937.98560438485	432.468568797279	2267.09194453203	761_4935_5
47	Spectrogram 1	1	4938.13736481043	4938.29779271072	696.918785119405	2481.95774529376	761_4935_6
48	Spectrogram 1	1	4938.51400501364	4938.70857837718	531.637399918076	2597.65471493469	761_4935_7
49	Spectrogram 1	1	4938.92745726352	4939.08845988821	581.221815478475	2564.59843789442	761_4935_8
50	Spectrogram 1	1	4939.36641233626	4939.5323679436	680.390646599272	2762.93610013602	761_4935_9
51	Spectrogram 1	1	4952.8193296828	4953.03593876574	763.031339199937	2283.62008305216	761_4950_1
52	Spectrogram 1	1	4953.42164794408	4953.63060699775	647.334369559006	2415.84519121323	761_4950_2
53	Spectrogram 1	1	4954.13934896692	4954.28179713166	763.031339199937	2134.86683637097	761_4950_3
54	Spectrogram 1	1	4954.84068208212	4955.02283571493	845.672031800601	2002.6417282099	761_4950_4
55	Spectrogram 1	1	4955.34916316599	4955.45746935929	763.031339199937	2283.62008305216	761_4955_1
56	Spectrogram 1	1	4956.18444743797	4956.35832342501	630.806231038874	2349.73263713269	761_4955_2
57	Spectrogram 1	1	4956.71505185011	4956.86285093684	763.031339199937	2498.48588381389	761_4955_3
58	Spectrogram 1	1	4957.49417855781	4957.80070091924	663.862508079139	2134.86683637097	761_4955_4
59	Spectrogram 1	1	4958.02348624372	4958.17115253738	779.55947772007	2118.33869785083	761_4955_5
60	Spectrogram 1	1	4958.6120737796	4958.78065434172	696.918785119405	1936.52917412937	761_4955_6
61	Spectrogram 1	1	4959.54968038912	4959.7136614142	630.806231038874	2167.92311341123	761_4955_7
62	Spectrogram 1	1	4960.04224420898	4960.28540650392	696.918785119405	2019.16986673004	761_4960_8
63	Spectrogram 1	1	4961.13911446575	4961.24506640197	597.749953998608	2465.42960677362	761_4960_1
64	Spectrogram 1	1	4961.56810685066	4961.76670379565	564.693676958342	2333.20449861256	761_4960_2
65	Spectrogram 1	1	4962.40801171536	4962.64870640741	663.862508079139	2415.84519121323	761_4960_3
66	Spectrogram 1	1	4962.98623581418	4963.20707055173	729.975062159671	2448.90146825349	761_4960_4
67	Spectrogram 1	1	4963.88923197047	4964.03750228946	548.165538438209	2564.59843789442	761_4960_5
68	Spectrogram 1	1	4964.32652549837	4964.4583873443	696.918785119405	2316.67636009243	761_4960_6
69	Spectrogram 1	1	4964.77464133702	4965.01126522163	614.278092518741	2415.84519121323	761_4960_7
70	Spectrogram 1	1	4967.88447389611	4968.15993815989	647.334369559006	2151.3949748911	761_4965_1
71	Spectrogram 1	1	4968.43064471071	4968.71641968214	515.109261397944	2465.42960677362	761_4965_2
72	Spectrogram 1	1	4968.93681639687	4969.16422280826	548.165538438209	2531.54216085416	761_4965_3
73	Spectrogram 1	1	4969.49440897431	4969.71023764096	548.165538438209	2448.90146825349	761_4965_4
74	Spectrogram 1	1	4971.0046333812	4971.15039271473	647.334369559006	2729.87982309575	761_4970_1
75	Spectrogram 1	1	4974.61600701273	4974.91498202982	581.221815478475	2647.23913049509	761_4970_2
76	Spectrogram 1	1	4975.12985165322	4975.2563861351	548.165538438209	2234.03566749176	761_4975_1
77	Spectrogram 1	1	4975.65799927927	4975.89312535689	680.390646599272	2498.48588381389	761_4975_2
78	Spectrogram 1	1	4976.2433451652	4976.40807005908	796.087616240203	2382.78891417296	761_4975_3
79	Spectrogram 1	1	4976.73292125387	4976.97573129175	829.143893280468	2300.14822157229	761_4975_4
80	Spectrogram 1	1	4977.27383393873	4977.56180383147	796.087616240203	2151.3949748911	761_4975_5
81	Spectrogram 1	1	4977.78992219158	4978.03211503195	597.749953998608	2167.92311341123	761_4975_6
82	Spectrogram 1	1	4978.36317842926	4978.45806271394	647.334369559006	2448.90146825349	761_4975_7
83	Spectrogram 1	1	4978.80370129568	4978.95762239564	696.918785119405	2663.76726901522	761_4975_8
84	Spectrogram 1	1	4980.22880974222	4980.45187024364	713.446923639538	2481.95774529376	761_4980_1
85	Spectrogram 1	1	4983.66223269153	4983.89594391261	647.334369559006	2581.12657641455	761_4980_2
86	Spectrogram 1	1	4984.83408369218	4985.05854658144	862.200170320734	2250.5638060119	761_4980_3
87	Spectrogram 1	1	4985.32717444842	4985.54801354659	614.278092518741	2515.01402233402	761_4985_1
88	Spectrogram 1	1	4986.82881646582	4987.05165221358	647.334369559006	2762.93610013602	761_4985_2
89	Spectrogram 1	1	4987.42555101311	4987.69198537834	581.221815478475	2581.12657641455	761_4985_3
90	Spectrogram 1	1	4987.99930110939	4988.21458669943	763.031339199937	2614.18285345482	761_4985_4
91	Spectrogram 1	1	4989.25455874162	4989.46128625555	796.087616240203	2498.48588381389	761_4985_5
92	Spectrogram 1	1	4989.8692655001	4990.15734751164	663.862508079139	2382.78891417296	761_4985_6
93	Spectrogram 1	1	4995.91372761678	4996.26685022876	581.221815478475	2333.20449861256	761_4995_1
94	Spectrogram 1	1	4996.43819826493	4996.67296168142	713.446923639538	2713.35168457562	761_4995_2
95	Spectrogram 1	1	4996.9270424407	4997.22196757233	663.862508079139	2713.35168457562	761_4995_3
96	Spectrogram 1	1	4999.17802242634	4999.38013515108	647.334369559006	2382.78891417296	761_4995_4
97	Spectrogram 1	1	4999.66207001666	4999.91252304598	647.334369559006	2399.31705269309	761_4995_5
98	Spectrogram 1	1	5005.3708251013	5005.76318028037	713.446923639538	2680.29540753535	761_5005_1
99	Spectrogram 1	1	5006.04682526392	5006.27308790572	630.806231038874	2316.67636009243	761_5005_2
100	Spectrogram 1	1	5013.30195577948	5013.52240863526	581.221815478475	2118.33869785083	761_5010_1
101	Spectrogram 1	1	5013.85123000412	5014.17417112922	647.334369559006	2465.42960677362	761_5010_2
102	Spectrogram 1	1	5014.56250165528	5014.92416298548	647.334369559006	2564.59843789442	761_5010_3
103	Spectrogram 1	1	5020.03244845081	5020.28846049291	630.806231038874	2465.42960677362	761_5020_1
104	Spectrogram 1	1	5020.5728609051	5020.90253521911	630.806231038874	2498.48588381389	761_5020_2
105	Spectrogram 1	1	5385.83718965356	5385.98524201656	564.693676958342	2250.5638060119	761_5385_1
106	Spectrogram 1	1	5386.30454838206	5386.4705039894	696.918785119405	2184.45125193136	761_5385_2
107	Spectrogram 1	1	5386.97644581289	5387.12100023021	680.390646599272	2283.62008305216	761_5385_3
108	Spectrogram 1	1	5560.8658212353	5561.13530047261	564.693676958342	2134.86683637097	761_5560_1
109	Spectrogram 1	1	5590.32171422139	5590.54869402195	763.031339199937	2597.65471493469	761_5590_1
110	Spectrogram 1	1	5590.84570494516	5591.0332235917	763.031339199937	2597.65471493469	761_5590_2
111	Spectrogram 1	1	5592.42351358317	5592.68191283968	663.862508079139	2300.14822157229	761_5590_3
112	Spectrogram 1	1	5596.86426121787	5597.04727839484	581.221815478475	2696.82354605548	761_5595_1
113	Spectrogram 1	1	5599.66031227031	5599.80889281137	564.693676958342	2548.07029937429	761_5595_2
114	Spectrogram 1	1	5601.23260642355	5601.4729050996	448.996707317412	2581.12657641455	761_5600_1
115	Spectrogram 1	1	5602.73183911765	5603.06183321831	680.390646599272	2680.29540753535	761_5600_2
116	Spectrogram 1	1	5603.98273429608	5604.17895753476	597.749953998608	2696.82354605548	761_5600_3
117	Spectrogram 1	1	5604.43099521374	5604.60383564666	548.165538438209	2581.12657641455	761_5600_4
118	Spectrogram 1	1	6135.16232248691	6135.38568900945	482.052984357678	2234.03566749176	761_6135_1
119	Spectrogram 1	1	6135.78360531836	6136.04310394272	647.334369559006	2382.78891417296	761_6135_2
120	Spectrogram 1	1	6136.32737334233	6136.55495645294	630.806231038874	2531.54216085416	761_6135_3
121	Spectrogram 1	1	6136.84387238691	6137.1118825556	498.58112287781	2564.59843789442	761_6135_4
122	Spectrogram 1	1	6137.29661689356	6137.60083526558	515.109261397944	2696.82354605548	761_6135_5
123	Spectrogram 1	1	6137.88515635628	6138.06043434792	515.109261397944	2382.78891417296	761_6135_6
124	Spectrogram 1	1	6138.58596989277	6138.80803712481	630.806231038874	2415.84519121323	761_6135_7
125	Spectrogram 1	1	6139.10753117617	6139.39090158502	548.165538438209	2432.37332973336	761_6135_8
126	Spectrogram 1	1	6139.67911941558	6139.94654495435	531.637399918076	2531.54216085416	761_6135_9
127	Spectrogram 1	1	6140.29723340856	6140.66516956055	630.806231038874	2399.31705269309	761_6140_1
128	Spectrogram 1	1	6140.82968594913	6141.08964691144	564.693676958342	2300.14822157229	761_6140_2
129	Spectrogram 1	1	6141.3617586448	6141.57137288372	663.862508079139	2448.90146825349	761_6140_3
130	Spectrogram 1	1	6141.91168936196	6142.13869606529	663.862508079139	2432.37332973336	761_6140_4
131	Spectrogram 1	1	6142.44734921598	6142.56963263543	614.278092518741	2581.12657641455	761_6140_5
132	Spectrogram 1	1	6143.01404918617	6143.29407436685	713.446923639538	2581.12657641455	761_6140_6
133	Spectrogram 1	1	6144.29458134884	6144.71881929425	531.637399918076	2432.37332973336	761_6140_7
134	Spectrogram 1	1	6144.91924179579	6145.11832486594	515.109261397944	2382.78891417296	761_6145_1
135	Spectrogram 1	1	6145.43072563348	6145.81954665992	581.221815478475	2581.12657641455	761_6145_2
136	Spectrogram 1	1	6145.96855294192	6146.17413478225	515.109261397944	2614.18285345482	761_6145_3
137	Spectrogram 1	1	6146.50994319487	6146.74562482892	713.446923639538	2795.99237717628	761_6145_4
138	Spectrogram 1	1	6146.98410560953	6147.28106472083	630.806231038874	2630.71099197495	761_6145_5
139	Spectrogram 1	1	6147.962204701	6148.19915098018	713.446923639538	2019.16986673004	761_6145_6
140	Spectrogram 1	1	6148.6846211827	6148.94254054444	597.749953998608	2250.5638060119	761_6145_7
141	Spectrogram 1	1	6178.6804873662	6178.77405736592	614.278092518741	2614.18285345482	761_6175_1
142	Spectrogram 1	1	6179.11097883728	6179.35466138264	763.031339199937	2680.29540753535	761_6175_2
143	Spectrogram 1	1	6179.68602955487	6179.84967912909	614.278092518741	2829.04865421655	761_6175_3
144	Spectrogram 1	1	6206.98833333054	6207.37063809467	597.749953998608	3357.9490868608	761_6205_1
145	Spectrogram 1	1	6207.82507770382	6208.19868711264	614.278092518741	3407.5335024212	761_6205_2
146	Spectrogram 1	1	6208.68423092208	6209.06036899369	796.087616240203	3341.42094834067	761_6205_3
147	Spectrogram 1	1	6240.92579226949	6241.05047047294	746.503200679804	2696.82354605548	761_6240_1
148	Spectrogram 1	1	6241.40863494416	6241.50046642729	663.862508079139	2696.82354605548	761_6240_2
149	Spectrogram 1	1	6241.84500220714	6241.98563350169	597.749953998608	2531.54216085416	761_6240_3
150	Spectrogram 1	1	8777.83904903252	8778.20466377835	564.693676958342	2283.62008305216	761_8775_1
151	Spectrogram 1	1	8970.36833008066	8970.67904822868	399.412291757013	2184.45125193136	761_8970_1
152	Spectrogram 1	1	8972.13111013888	8972.42164997796	531.637399918076	2134.86683637097	761_8970_2
153	Spectrogram 1	1	8973.97597121383	8974.34653233454	531.637399918076	2316.67636009243	761_8970_3
154	Spectrogram 1	1	8986.06405699178	8986.37084210169	564.693676958342	2151.3949748911	761_8985_1
155	Spectrogram 1	1	8989.04894698556	8989.51679815735	432.468568797279	2399.31705269309	761_8985_2
156	Spectrogram 1	1	8992.82773640076	8993.01726676682	283.715322116083	2465.42960677362	761_8990_1
157	Spectrogram 1	1	8994.18226286788	8994.54242854061	498.58112287781	2217.50752897163	761_8990_2
158	Spectrogram 1	1	9002.48232989985	9002.77221066343	531.637399918076	2498.48588381389	761_9000_1
159	Spectrogram 1	1	9009.76277915011	9009.8668044553	465.524845837545	2515.01402233402	761_9010_1
160	Spectrogram 1	1	9017.16267923122	9017.52688685723	482.052984357678	2234.03566749176	761_9015_1
161	Spectrogram 1	1	9022.52831495409	9022.86628012899	531.637399918076	2283.62008305216	761_9020_1
162	Spectrogram 1	1	9073.16656140788	9073.44598527538	366.356014716747	2316.67636009243	761_9070_1
163	Spectrogram 1	1	9079.29978035963	9079.63562381981	564.693676958342	2713.35168457562	761_9075_1
164	Spectrogram 1	1	9082.57726970081	9082.72753075172	581.221815478475	2184.45125193136	761_9080_1
165	Spectrogram 1	1	9083.38373119946	9083.63254779572	250.659045075817	2200.9793904515	761_9080_2
166	Spectrogram 1	1	9141.85529736175	9142.20151559614	432.468568797279	2349.73263713269	761_9140_1
167	Spectrogram 1	1	9145.77984648484	9146.12109677514	564.693676958342	2035.69800525017	761_9145_1
168	Spectrogram 1	1	9743.72821581466	9744.09561425541	548.165538438209	3341.42094834067	761_9740_1
169	Spectrogram 1	1	9744.54110148322	9744.91723955483	680.390646599272	3308.3646713004	761_9740_2
170	Spectrogram 1	1	9745.41230797998	9745.80455447276	564.693676958342	3374.47722538093	761_9745_1
171	Spectrogram 1	1	9746.26610277831	9746.65642637661	614.278092518741	3357.9490868608	761_9745_2
172	Spectrogram 1	1	9797.2482547887	9797.62062200391	597.749953998608	3291.83653278027	761_9795_1
173	Spectrogram 1	1	9798.08748354921	9798.45488198996	564.693676958342	3159.6114246192	761_9795_2
174	Spectrogram 1	1	9798.94471822979	9799.32336231871	597.749953998608	3176.13956313934	761_9795_3
175	Spectrogram 1	1	9829.8963303968	9830.17890636813	614.278092518741	3457.1179179816	761_9830_1
176	Spectrogram 1	1	9830.76456718191	9831.13941878435	531.637399918076	3324.89280982053	761_9830_2
177	Spectrogram 1	1	9831.61884896105	9832.00877012785	515.109261397944	3374.47722538093	761_9830_3
178	Spectrogram 1	1	9854.13369104807	9854.5052907071	630.806231038874	3324.89280982053	761_9850_1
179	Spectrogram 1	1	9855.01489192988	9855.40105407071	663.862508079139	3357.9490868608	761_9855_1
180	Spectrogram 1	1	9855.86871578688	9856.26599466763	680.390646599272	3192.66770165947	761_9855_2
181	Spectrogram 1	1	9870.59666904879	9870.97648942569	680.390646599272	3242.25211721987	761_9870_1
182	Spectrogram 1	1	9871.41858898493	9871.8001747449	663.862508079139	3275.30839426014	761_9870_2
183	Spectrogram 1	1	9872.42170918563	9872.80204668299	680.390646599272	3093.49887053867	761_9870_3
184	Spectrogram 1	1	9892.66489463745	9893.03726185266	647.334369559006	3143.08328609907	761_9890_1
185	Spectrogram 1	1	9893.52794663119	9893.88063952639	663.862508079139	2977.80190089774	761_9890_2
186	Spectrogram 1	1	9894.3779177195	9894.754510429	663.862508079139	3308.3646713004	761_9890_3
187	Spectrogram 1	1	9962.73418691237	9963.10317244389	614.278092518741	3424.06164094133	761_9960_1
188	Spectrogram 1	1	9963.58245157489	9963.96714948571	630.806231038874	3357.9490868608	761_9960_2
189	Spectrogram 1	1	9964.44011900796	9964.80422909128	630.806231038874	3291.83653278027	761_9960_3
190	Spectrogram 1	1	9965.38521803226	9965.80885793639	680.390646599272	3192.66770165947	761_9965_1
191	Spectrogram 1	1	9978.69492151805	9979.07584513788	597.749953998608	3357.9490868608	761_9975_1
192	Spectrogram 1	1	9979.56265897728	9979.9460987911	663.862508079139	3357.9490868608	761_9975_2
193	Spectrogram 1	1	9980.43138846638	9980.83470912603	663.862508079139	3110.02700905881	761_9980_1
194	Spectrogram 1	1	9996.05154320406	9996.5020498868	614.278092518741	3093.49887053867	761_9995_1
195	Spectrogram 1	1	9996.93057323296	9997.38621861597	548.165538438209	3374.47722538093	761_9995_2
196	Spectrogram 1	1	9997.83268571526	9998.27511177281	647.334369559006	3424.06164094133	761_9995_3
197	Spectrogram 1	1	10005.7299147925	10006.1943306325	647.334369559006	3605.87116466279	761_10005_1
198	Spectrogram 1	1	10006.5758312407	10007.0372997493	564.693676958342	3490.17419502186	761_10005_2
199	Spectrogram 1	1	10007.4942442028	10007.9380369436	713.446923639538	3424.06164094133	761_10005_3
200	Spectrogram 1	1	10018.2522204899	10018.7454996633	564.693676958342	3572.81488762253	761_10015_1
201	Spectrogram 1	1	10019.1364887847	10019.5696020143	614.278092518741	3391.00536390107	761_10015_2
202	Spectrogram 1	1	10020.0516159707	10020.5391074214	531.637399918076	3556.28674910239	761_10020_1
203	Spectrogram 1	1	10044.77205279	10045.2995812442	465.524845837545	3506.702333542	761_10040_1
204	Spectrogram 1	1	10045.6790870501	10046.0944235887	630.806231038874	3589.34302614266	761_10045_1
205	Spectrogram 1	1	10046.5758803416	10047.0031666351	597.749953998608	3490.17419502186	761_10045_2
206	Spectrogram 1	1	10055.2243247382	10055.6860691482	515.109261397944	3589.34302614266	761_10055_1
207	Spectrogram 1	1	10056.1219120932	10056.5930621755	696.918785119405	3324.89280982053	761_10055_2
208	Spectrogram 1	1	10063.5398931112	10063.9657454659	597.749953998608	3688.51185726346	761_10060_1
209	Spectrogram 1	1	10064.4394234296	10064.9997139754	647.334369559006	3539.75861058226	761_10060_2
210	Spectrogram 1	1	10065.3866966085	10065.8867879389	597.749953998608	3506.702333542	761_10065_1
211	Spectrogram 1	1	10083.1600267603	10083.6229959717	581.221815478475	3853.79324246479	761_10080_1
212	Spectrogram 1	1	10084.0414291673	10084.5393734206	597.749953998608	3671.98371874332	761_10080_2
213	Spectrogram 1	1	10095.9417329638	10096.3741112414	647.334369559006	2762.93610013602	761_10095_1
214	Spectrogram 1	1	10096.8323848155	10097.2680250542	564.693676958342	2316.67636009243	761_10095_2
215	Spectrogram 1	1	10115.880938718	10116.3522104539	515.109261397944	3110.02700905881	761_10115_1
216	Spectrogram 1	1	10116.8097475716	10117.2652200513	564.693676958342	2729.87982309575	761_10115_2
217	Spectrogram 1	1	10117.7638478753	10118.2493520994	581.221815478475	2812.52051569641	761_10115_3
218	Spectrogram 1	1	10145.320594289	10145.7893391979	515.109261397944	2729.87982309575	761_10145_1
219	Spectrogram 1	1	10146.2321996359	10146.6878450189	564.693676958342	3523.23047206213	761_10145_2
220	Spectrogram 1	1	10147.1622595186	10147.6506284896	581.221815478475	3407.5335024212	761_10145_3
221	Spectrogram 1	1	10166.8968871715	10167.35634138	581.221815478475	3473.64605650173	761_10165_1
222	Spectrogram 1	1	10167.8042555218	10168.2584007585	564.693676958342	3391.00536390107	761_10165_2
223	Spectrogram 1	1	10168.7157227052	10169.1451637292	581.221815478475	3060.44259349841	761_10165_3
224	Spectrogram 1	1	10183.7764545265	10184.2238357918	647.334369559006	3341.42094834067	761_10180_1
225	Spectrogram 1	1	10184.6835503365	10185.1887083794	630.806231038874	3043.91445497827	761_10180_2
226	Spectrogram 1	1	10185.63737521	10186.121332132	663.862508079139	3440.58977946146	761_10185_1
227	Spectrogram 1	1	10194.5000479567	10194.9614003644	696.918785119405	3407.5335024212	761_10190_1
228	Spectrogram 1	1	10195.4033847215	10195.7994409749	680.390646599272	3539.75861058226	761_10195_1
229	Spectrogram 1	1	10209.6451391812	10210.1619458451	647.334369559006	3407.5335024212	761_10205_1
230	Spectrogram 1	1	10210.5641690736	10211.021245006	663.862508079139	3407.5335024212	761_10210_1
231	Spectrogram 1	1	10211.4827837621	10211.9696365076	630.806231038874	3341.42094834067	761_10210_2
232	Spectrogram 1	1	10227.9713872195	10228.4931139372	630.806231038874	2746.40796161588	761_10225_1
233	Spectrogram 1	1	10228.8943721456	10229.2908243534	614.278092518741	3242.25211721987	761_10225_2
234	Spectrogram 1	1	10229.7961795196	10230.2771016996	663.862508079139	3523.23047206213	761_10225_3
235	Spectrogram 1	1	10277.1588443697	10277.4706895406	663.862508079139	3407.5335024212	761_10275_1
236	Spectrogram 1	1	10278.0671572554	10278.3217176075	614.278092518741	3473.64605650173	761_10275_2
237	Spectrogram 1	1	10278.9802674228	10279.2992651753	663.862508079139	3638.92744170306	761_10275_3
238	Spectrogram 1	1	10301.0793927594	10301.4304243983	564.693676958342	3374.47722538093	761_10300_1
239	Spectrogram 1	1	10301.965210376	10302.3583663986	696.918785119405	3357.9490868608	761_10300_2
240	Spectrogram 1	1	10302.907931952	10303.2184223195	630.806231038874	3357.9490868608	761_10300_3
241	Spectrogram 1	1	10338.2918027865	10338.7585111393	663.862508079139	3655.45558022319	761_10335_1
242	Spectrogram 1	1	10339.1594919391	10339.6288381954	581.221815478475	3572.81488762253	761_10335_2
243	Spectrogram 1	1	10348.6389351591	10349.0065399049	663.862508079139	3424.06164094133	761_10345_1
244	Spectrogram 1	1	10349.5459968632	10349.9304886011	763.031339199937	3357.9490868608	761_10345_2
245	Spectrogram 1	1	10365.2280348823	10365.6843168688	630.806231038874	3671.98371874332	761_10365_1
246	Spectrogram 1	1	10366.1362736918	10366.6420057376	696.918785119405	3655.45558022319	761_10365_2
247	Spectrogram 1	1	10375.2722262146	10375.7641716306	531.637399918076	3589.34302614266	761_10375_1
248	Spectrogram 1	1	10376.1947199444	10376.6738441674	680.390646599272	3440.58977946146	761_10375_2
249	Spectrogram 1	1	10387.1260840528	10387.5875355376	597.749953998608	3374.47722538093	761_10385_1
250	Spectrogram 1	1	10388.0297632738	10388.509840942	548.165538438209	3424.06164094133	761_10385_2
251	Spectrogram 1	1	10430.8321698443	10431.2801843052	498.58112287781	3622.39930318293	761_10430_1
252	Spectrogram 1	1	10431.7252624576	10432.186043909	597.749953998608	3787.68068838425	761_10430_2
253	Spectrogram 1	1	10432.6463986647	10433.1110075416	564.693676958342	3589.34302614266	761_10430_3
254	Spectrogram 1	1	10442.279697744	10442.7461757236	548.165538438209	3688.51185726346	761_10440_1
255	Spectrogram 1	1	10443.1850342252	10443.7073875684	614.278092518741	3473.64605650173	761_10440_2
256	Spectrogram 1	1	10524.0606075392	10524.4423451319	515.109261397944	2118.33869785083	761_10520_1
257	Spectrogram 1	1	10539.3589589299	10539.6894280155	647.334369559006	2614.18285345482	761_10535_1
258	Spectrogram 1	1	10549.4627728758	10549.8052145492	630.806231038874	2250.5638060119	761_10545_1
259	Spectrogram 1	1	10550.6200369502	10550.9539182938	581.221815478475	2333.20449861256	761_10550_1
260	Spectrogram 1	1	10552.282067744	10552.5559819633	548.165538438209	2200.9793904515	761_10550_2
261	Spectrogram 1	1	10553.4000770712	10553.6163713044	465.524845837545	2234.03566749176	761_10550_3
262	Spectrogram 1	1	14758.1528396683	14758.2343112876	713.446923639538	2795.99237717628	761_14755_1
263	Spectrogram 1	1	14765.9179548103	14766.1449767746	581.221815478475	2382.78891417296	761_14765_1
264	Spectrogram 1	1	14782.3059727528	14782.5952494701	482.052984357678	2515.01402233402	761_14780_1
265	Spectrogram 1	1	16232.7698161046	16232.9355829788	267.18718359595	1506.79757260592	761_16230_1
266	Spectrogram 1	1	16233.780104927	16234.6720755908	217.602768035552	2267.09194453203	761_16230_2
267	Spectrogram 1	1	16242.3032328482	16242.5036835589	250.659045075817	2002.6417282099	761_16240_1
268	Spectrogram 1	1	16243.4509771573	16244.2411307511	333.299737676482	2118.33869785083	761_16240_2
269	Spectrogram 1	1	16257.3516145913	16257.5428292689	234.130906555684	1473.74129556565	761_16255_1
270	Spectrogram 1	1	16258.4391470366	16259.201497226	201.074629515419	1903.47289708911	761_16255_2
271	Spectrogram 1	1	16266.8940736193	16267.0647179162	349.827876196615	1622.49454224685	761_16265_1
272	Spectrogram 1	1	16267.9861442221	16268.8738743239	217.602768035552	2316.67636009243	761_16265_2
273	Spectrogram 1	1	16297.5427458682	16298.3464919512	267.18718359595	1969.58545116964	761_16295_1
274	Spectrogram 1	1	16298.8147960578	16298.9952728539	399.412291757013	2746.40796161588	761_16295_2
275	Spectrogram 1	1	16542.4434368381	16542.8250841687	415.940430277146	2002.6417282099	761_16540_1
276	Spectrogram 1	1	17430.3997907561	17430.535557877	680.390646599272	2696.82354605548	761_17430_1
277	Spectrogram 1	1	17430.8870081115	17431.0979070103	399.412291757013	2531.54216085416	761_17430_2
278	Spectrogram 1	1	17432.4105462899	17432.5817087507	548.165538438209	2663.76726901522	761_17430_3
279	Spectrogram 1	1	17433.3029676711	17433.4967269927	366.356014716747	2614.18285345482	761_17430_4
280	Spectrogram 1	1	17434.2480739224	17434.3089637024	713.446923639538	2696.82354605548	761_17430_5
281	Spectrogram 1	1	17434.811619598	17434.9051935388	432.468568797279	2944.74562385748	761_17430_6
282	Spectrogram 1	1	17440.4079728416	17440.4916817128	729.975062159671	2696.82354605548	761_17440_8
283	Spectrogram 1	1	17441.1934628898	17441.284180526	597.749953998608	2531.54216085416	761_17440_7
284	Spectrogram 1	1	17441.6973760406	17441.8043634166	482.052984357678	2366.26077565283	761_17440_6
285	Spectrogram 1	1	17442.6007021163	17442.6615918963	399.412291757013	2680.29540753535	761_17440_1
286	Spectrogram 1	1	17443.0599453579	17443.1289700078	382.88415323688	2829.04865421655	761_17440_2
287	Spectrogram 1	1	17443.6444460814	17443.6821553927	415.940430277146	2729.87982309575	761_17440_3
288	Spectrogram 1	1	17444.3069695107	17444.3407430578	548.165538438209	2829.04865421655	761_17440_4
289	Spectrogram 1	1	17444.8918021699	17445.0745514099	515.109261397944	2977.80190089774	761_17440_5
290	Spectrogram 1	1	17447.6728066129	17447.8286032083	581.221815478475	2795.99237717628	761_17445_1
291	Spectrogram 1	1	17448.2011321506	17448.3185435823	564.693676958342	2829.04865421655	761_17445_2
292	Spectrogram 1	1	17448.8628866766	17448.951796564	515.109261397944	2944.74562385748	761_17445_3
293	Spectrogram 1	1	17451.6068293907	17451.8211236043	465.524845837545	2432.37332973336	761_17450_1
294	Spectrogram 1	1	17455.0933612958	17455.2736551566	482.052984357678	2432.37332973336	761_17455_1
295	Spectrogram 1	1	17456.0063213013	17456.1343384927	515.109261397944	2630.71099197495	761_17455_7
296	Spectrogram 1	1	17456.8700759969	17456.9638672586	713.446923639538	2068.75428229043	761_17455_8
297	Spectrogram 1	1	17457.3387655259	17457.4851612988	399.412291757013	2382.78891417296	761_17455_2
298	Spectrogram 1	1	17457.7002363686	17457.8931279643	448.996707317412	3027.38631645814	761_17455_3
299	Spectrogram 1	1	17458.1018510633	17458.2935061396	482.052984357678	2961.27376237761	761_17455_4
300	Spectrogram 1	1	17459.0555395894	17459.2504773397	548.165538438209	2944.74562385748	761_17455_5
301	Spectrogram 1	1	17459.5059501551	17459.7084879383	432.468568797279	3043.91445497827	761_17455_6
302	Spectrogram 1	1	17481.3455728175	17481.583049517	432.468568797279	2696.82354605548	761_17480_1
303	Spectrogram 1	1	17482.672894328	17482.917127549	267.18718359595	2762.93610013602	761_17480_2
304	Spectrogram 1	1	17483.3385932883	17483.525871466	316.771599156349	2994.33003941788	761_17480_3
305	Spectrogram 1	1	17500.6818450758	17500.9224829705	415.940430277146	2928.21748533734	761_17500_1
306	Spectrogram 1	1	17501.4119819605	17501.6654857101	399.412291757013	3027.38631645814	761_17500_2
307	Spectrogram 1	1	17517.6237808263	17517.8435092228	465.524845837545	2564.59843789442	761_17515_1
308	Spectrogram 1	1	17846.1269215962	17846.288917021	349.827876196615	2614.18285345482	761_17845_1
309	Spectrogram 1	1	18653.4501528479	18653.6303287257	415.940430277146	2862.10493125681	761_18650_1
310	Spectrogram 1	1	18653.9659030583	18654.1944160921	614.278092518741	2845.57679273668	761_18650_2
311	Spectrogram 1	1	19221.4781736382	19221.7362131547	498.58112287781	2944.74562385748	761_19220_1
312	Spectrogram 1	1	19222.0981649796	19222.3547043497	515.109261397944	2845.57679273668	761_19220_2
313	Spectrogram 1	1	19222.6246839843	19222.8429100487	415.940430277146	2812.52051569641	761_19220_3
314	Spectrogram 1	1	19223.122496845	19223.3475865884	548.165538438209	2895.16120829708	761_19220_4
315	Spectrogram 1	1	19223.6958490401	19223.916513781	630.806231038874	2878.63306977695	761_19220_5
316	Spectrogram 1	1	19224.2005390243	19224.418940619	581.221815478475	2829.04865421655	761_19220_6
317	Spectrogram 1	1	19224.7544833139	19224.9764331137	531.637399918076	2829.04865421655	761_19220_7
318	Spectrogram 1	1	19230.1125438698	19230.3837401205	746.503200679804	2134.86683637097	761_19230_1
319	Spectrogram 1	1	19230.5692769882	19230.819691308	895.256447361	2382.78891417296	761_19230_2
320	Spectrogram 1	1	19231.1100790805	19231.2579299113	746.503200679804	2267.09194453203	761_19230_3
321	Spectrogram 1	1	19231.6068653799	19231.7948275302	680.390646599272	2531.54216085416	761_19230_4
322	Spectrogram 1	1	19232.3422397217	19232.5706247609	729.975062159671	2481.95774529376	761_19230_5
323	Spectrogram 1	1	19233.0214632509	19233.2277936433	812.615754760335	2382.78891417296	761_19230_6
324	Spectrogram 1	1	19234.5847940228	19234.7449710681	696.918785119405	2448.90146825349	761_19230_7
325	Spectrogram 1	1	19235.0216073056	19235.188435899	564.693676958342	2151.3949748911	761_19235_1
326	Spectrogram 1	1	19235.551189167	19235.7198524958	597.749953998608	2267.09194453203	761_19235_2
327	Spectrogram 1	1	19235.9912142065	19236.0679636731	448.996707317412	2696.82354605548	761_19235_3
328	Spectrogram 1	1	19236.4557829309	19236.6473884496	482.052984357678	2812.52051569641	761_19235_4
329	Spectrogram 1	1	19236.8819102608	19236.9767850836	630.806231038874	2845.57679273668	761_19235_5
330	Spectrogram 1	1	19237.3170760122	19237.44077026	779.55947772007	2878.63306977695	761_19235_6
331	Spectrogram 1	1	19237.6062377544	19237.7135009129	366.356014716747	2812.52051569641	761_19235_7
332	Spectrogram 1	1	19238.180185631	19238.3930922179	482.052984357678	2795.99237717628	761_19235_8
333	Spectrogram 1	1	19239.2092604993	19239.3210268082	482.052984357678	2696.82354605548	761_19235_9
334	Spectrogram 1	1	19239.662635126	19239.7892577078	465.524845837545	2746.40796161588	761_19235_10
335	Spectrogram 1	1	19240.4047798818	19240.6638407405	614.278092518741	2729.87982309575	761_19240_1
336	Spectrogram 1	1	19240.8897454188	19241.1223276026	465.524845837545	2944.74562385748	761_19240_2
337	Spectrogram 1	1	19241.3204496738	19241.5716668877	399.412291757013	3093.49887053867	761_19240_3
338	Spectrogram 1	1	19241.7845694669	19242.0104610741	333.299737676482	3176.13956313934	761_19240_4
339	Spectrogram 1	1	19242.7987317985	19243.0476884214	548.165538438209	2795.99237717628	761_19240_5
340	Spectrogram 1	1	19243.2770343713	19243.5135411352	333.299737676482	2944.74562385748	761_19240_6
341	Spectrogram 1	1	19244.2286821978	19244.4821329556	349.827876196615	2762.93610013602	761_19240_7
342	Spectrogram 1	1	19245.226460416	19245.4925302601	366.356014716747	2994.33003941788	761_19245_1
343	Spectrogram 1	1	19245.7241648081	19245.9672719422	250.659045075817	3027.38631645814	761_19245_2
344	Spectrogram 1	1	19246.3075223149	19246.5686273148	366.356014716747	2795.99237717628	761_19245_3
345	Spectrogram 1	1	19246.9713947854	19247.2099975718	316.771599156349	2581.12657641455	761_19245_4
346	Spectrogram 1	1	19247.8808772851	19248.1503886982	448.996707317412	2977.80190089774	761_19245_5
347	Spectrogram 1	1	19248.3744142927	19248.6086579105	465.524845837545	2862.10493125681	761_19245_6
348	Spectrogram 1	1	19249.0758002198	19249.2765318432	498.58112287781	2614.18285345482	761_19245_7
349	Spectrogram 1	1	19249.8638583158	19250.0044298712	696.918785119405	2432.37332973336	761_19250_1
350	Spectrogram 1	1	19250.3087009814	19250.5469778323	498.58112287781	2399.31705269309	761_19250_2
351	Spectrogram 1	1	19250.8592424624	19251.0786472309	647.334369559006	2581.12657641455	761_19250_3
352	Spectrogram 1	1	19251.3732959984	19251.574169478	763.031339199937	2481.95774529376	761_19250_4
353	Spectrogram 1	1	19251.9641464531	19252.1962878416	878.728308840867	2515.01402233402	761_19250_5
354	Spectrogram 1	1	19252.4279163406	19252.7150217154	763.031339199937	2415.84519121323	761_19250_6
355	Spectrogram 1	1	19252.9134235749	19253.1277057032	713.446923639538	2399.31705269309	761_19250_7
356	Spectrogram 1	1	19253.387976135	19253.5595447551	729.975062159671	2300.14822157229	761_19250_8
357	Spectrogram 1	1	19253.8746482635	19254.080010832	531.637399918076	2448.90146825349	761_19250_9
358	Spectrogram 1	1	19254.3648115966	19254.5514008409	498.58112287781	2630.71099197495	761_19250_10
359	Spectrogram 1	1	19254.7746600471	19255.0303564352	564.693676958342	2614.18285345482	761_19250_11
360	Spectrogram 1	1	19255.1996290469	19255.4717509945	597.749953998608	2944.74562385748	761_19255_1
361	Spectrogram 1	1	19255.6315055404	19255.8599735446	548.165538438209	2729.87982309575	761_19255_2
362	Spectrogram 1	1	19256.0759303369	19256.2796218844	531.637399918076	2779.46423865615	761_19255_3
363	Spectrogram 1	1	19256.4895982773	19256.7080132002	564.693676958342	2961.27376237761	761_19255_4
364	Spectrogram 1	1	19256.999728208	19257.2494191334	448.996707317412	2928.21748533734	761_19255_5
365	Spectrogram 1	1	19257.5136349681	19257.7283756143	680.390646599272	3225.72397869974	761_19255_6
366	Spectrogram 1	1	19257.9908167074	19258.2146457294	465.524845837545	3027.38631645814	761_19255_7
367	Spectrogram 1	1	19258.4180319483	19258.625542627	415.940430277146	3043.91445497827	761_19255_8
368	Spectrogram 1	1	19259.0020578971	19259.2391933405	382.88415323688	2713.35168457562	761_19255_9
369	Spectrogram 1	1	19260.1829730804	19260.4398654073	382.88415323688	2911.68934681721	761_19260_1
370	Spectrogram 1	1	19260.6292533666	19260.8667300661	482.052984357678	2977.80190089774	761_19260_2
371	Spectrogram 1	1	19261.5194670003	19261.7536454612	432.468568797279	2911.68934681721	761_19260_3
372	Spectrogram 1	1	19261.9656739616	19262.1986463134	448.996707317412	2647.23913049509	761_19260_4
373	Spectrogram 1	1	19262.6854897293	19262.9081981598	531.637399918076	2729.87982309575	761_19260_5
374	Spectrogram 1	1	19263.2823617194	19263.5286284224	498.58112287781	2680.29540753535	761_19260_6
375	Spectrogram 1	1	19264.2557240638	19264.4180791821	465.524845837545	2432.37332973336	761_19260_7
376	Spectrogram 1	1	19264.9996158273	19265.2345036208	564.693676958342	2729.87982309575	761_19265_1
377	Spectrogram 1	1	19265.9738949953	19266.1950941372	515.109261397944	2895.16120829708	761_19265_2
378	Spectrogram 1	1	19266.4476992672	19266.704592403	597.749953998608	2961.27376237761	761_19265_3
379	Spectrogram 1	1	19267.4572816545	19267.6414969645	531.637399918076	2895.16120829708	761_19265_4
380	Spectrogram 1	1	19268.5118353849	19268.7837148188	465.524845837545	3060.44259349841	761_19265_5
381	Spectrogram 1	1	19268.9850961619	19269.2272270223	498.58112287781	3291.83653278027	761_19265_6
382	Spectrogram 1	1	19270.4765614645	19270.6868417263	531.637399918076	2713.35168457562	761_19270_1
383	Spectrogram 1	1	19271.5636668587	19271.8436607607	482.052984357678	2762.93610013602	761_19270_2
384	Spectrogram 1	1	19272.8846295633	19273.1987817354	498.58112287781	2977.80190089774	761_19270_3
385	Spectrogram 1	1	19273.3124623458	19273.6080025599	564.693676958342	2977.80190089774	761_19270_4
386	Spectrogram 1	1	19273.7239313859	19273.9099082741	614.278092518741	2647.23913049509	761_19270_5
387	Spectrogram 1	1	19274.3364423035	19274.4737576559	515.109261397944	2663.76726901522	761_19270_6
388	Spectrogram 1	1	19274.7947480309	19274.9932308316	515.109261397944	2961.27376237761	761_19270_7
389	Spectrogram 1	1	19275.2582328298	19275.4709982515	597.749953998608	2729.87982309575	761_19275_1
390	Spectrogram 1	1	19276.2915386522	19276.6058847336	597.749953998608	2812.52051569641	761_19275_2
391	Spectrogram 1	1	19276.7751778547	19277.0519136853	564.693676958342	2713.35168457562	761_19275_3
392	Spectrogram 1	1	19277.5189903447	19277.8797393147	564.693676958342	2779.46423865615	761_19275_4
393	Spectrogram 1	1	19277.9633541761	19278.2660960937	614.278092518741	3143.08328609907	761_19275_5
394	Spectrogram 1	1	19279.199028036	19279.5322425505	647.334369559006	2944.74562385748	761_19275_6
395	Spectrogram 1	1	19279.6439767952	19279.9581850325	597.749953998608	3126.55514757894	761_19275_7
396	Spectrogram 1	1	19280.1137856013	19280.2648602246	581.221815478475	3209.1958401796	761_19280_1
397	Spectrogram 1	1	19281.0921742583	19281.2136236252	465.524845837545	2812.52051569641	761_19280_2
398	Spectrogram 1	1	19281.4733228771	19281.7332923594	597.749953998608	3076.97073201854	761_19280_3
399	Spectrogram 1	1	19281.9858748258	19282.1836611489	696.918785119405	2762.93610013602	761_19280_4
400	Spectrogram 1	1	19282.439139492	19282.5892213152	597.749953998608	2234.03566749176	761_19280_5
401	Spectrogram 1	1	19285.1814049605	19285.525063321	581.221815478475	2630.71099197495	761_19285_1
402	Spectrogram 1	1	19285.6509658987	19285.9235935993	763.031339199937	2333.20449861256	761_19285_2
403	Spectrogram 1	1	19286.0970428387	19286.2202999545	713.446923639538	2663.76726901522	761_19285_3
404	Spectrogram 1	1	19307.8447851993	19308.1306797062	746.503200679804	2200.9793904515	761_19305_1
405	Spectrogram 1	1	19308.6132243995	19308.8005714189	647.334369559006	2481.95774529376	761_19305_2
406	Spectrogram 1	1	19309.0304723921	19309.2063177866	581.221815478475	2630.71099197495	761_19305_3
407	Spectrogram 1	1	19309.5883852374	19309.7733019108	647.334369559006	2746.40796161588	761_19305_4
408	Spectrogram 1	1	19310.1869679267	19310.3821984456	614.278092518741	2680.29540753535	761_19310_1
409	Spectrogram 1	1	19312.2799723442	19312.4849608606	531.637399918076	2746.40796161588	761_19310_2
410	Spectrogram 1	1	19314.43431265	19314.6261045257	498.58112287781	2795.99237717628	761_19310_3
411	Spectrogram 1	1	19314.889552849	19314.9748472387	581.221815478475	2217.50752897163	761_19315_1
412	Spectrogram 1	1	19315.4478564138	19315.6570190846	729.975062159671	1754.71965040791	761_19315_2
413	Spectrogram 1	1	19316.4611557456	19316.6783987957	680.390646599272	2614.18285345482	761_19315_3
414	Spectrogram 1	1	19316.9744331475	19317.1590193727	862.200170320734	2267.09194453203	761_19315_4
415	Spectrogram 1	1	19317.4702273052	19317.6856547077	696.918785119405	2481.95774529376	761_19315_5
416	Spectrogram 1	1	19318.1009785209	19318.2645500391	630.806231038874	2845.57679273668	761_19315_6
417	Spectrogram 1	1	19318.5172443059	19318.6970977077	630.806231038874	2713.35168457562	761_19315_7
418	Spectrogram 1	1	19318.9322281485	19319.12897589	581.221815478475	3076.97073201854	761_19315_8
419	Spectrogram 1	1	19319.3464238304	19319.4808264275	448.996707317412	2895.16120829708	761_19315_9
420	Spectrogram 1	1	19319.787685347	19319.9674573713	680.390646599272	2696.82354605548	761_19320_3
421	Spectrogram 1	1	19320.2478742287	19320.5336909612	614.278092518741	2647.23913049509	761_19320_1
422	Spectrogram 1	1	19321.5079260523	19321.774711445	515.109261397944	2597.65471493469	761_19320_2
423	Spectrogram 1	1	19325.3698820251	19325.49781791	564.693676958342	2663.76726901522	761_19325_1
424	Spectrogram 1	1	19325.8119982578	19326.0321031751	647.334369559006	2729.87982309575	761_19325_2
425	Spectrogram 1	1	19326.2604838696	19326.4930660534	564.693676958342	2994.33003941788	761_19325_3
426	Spectrogram 1	1	19326.6773086287	19326.8844965852	531.637399918076	2829.04865421655	761_19325_4
427	Spectrogram 1	1	19327.0664870053	19327.2994593572	382.88415323688	2961.27376237761	761_19325_5
428	Spectrogram 1	1	19327.5161061984	19327.7455381779	498.58112287781	3110.02700905881	761_19325_6
429	Spectrogram 1	1	19335.6168292039	19335.7750233449	564.693676958342	2432.37332973336	761_19335_9
430	Spectrogram 1	1	19336.0887159097	19336.308820827	630.806231038874	2696.82354605548	761_19335_1
431	Spectrogram 1	1	19336.5153528902	19336.7220804042	448.996707317412	2928.21748533734	761_19335_2
432	Spectrogram 1	1	19336.9235567996	19337.1508987168	399.412291757013	2994.33003941788	761_19335_3
433	Spectrogram 1	1	19337.3593229799	19337.5595181183	448.996707317412	3093.49887053867	761_19335_4
434	Spectrogram 1	1	19337.7742891066	19337.9612445345	482.052984357678	2862.10493125681	761_19335_5
435	Spectrogram 1	1	19338.3748589061	19338.5522118933	432.468568797279	3010.85817793801	761_19335_6
436	Spectrogram 1	1	19338.7730576552	19338.9927860517	482.052984357678	3010.85817793801	761_19335_7
437	Spectrogram 1	1	19339.2216931801	19339.4253847276	432.468568797279	2928.21748533734	761_19335_8
438	Spectrogram 1	1	19350.1520824282	19350.3985678231	316.771599156349	2779.46423865615	761_19350_1
439	Spectrogram 1	1	19353.1771236055	19353.3805849317	432.468568797279	2696.82354605548	761_19350_2
440	Spectrogram 1	1	19353.6044304147	19353.8252695129	432.468568797279	2663.76726901522	761_19350_3
441	Spectrogram 1	1	19382.2831507852	19382.4749793767	498.58112287781	2465.42960677362	761_19380_1
