Selection	View	Channel	Begin Time (s)	End Time (s)	Low Freq (Hz)	High Freq (Hz)	Annotation
1	Spectrogram 1	1	1865.08775428903	1865.5650302041	482.052984357678	2432.37332973336	2869.0
2	Spectrogram 1	1	1866.13629619906	1866.63898677723	448.996707317412	2250.5638060119	2870.0
3	Spectrogram 1	1	1898.26302133855	1898.75274056331	399.412291757013	2382.78891417296	2871.0
4	Spectrogram 1	1	1899.33575403867	1899.81900615489	548.165538438209	2349.73263713269	2872.0
5	Spectrogram 1	1	2078.54252900142	2078.97291540942	465.524845837545	2432.37332973336	2873.0
6	Spectrogram 1	1	2079.45766786843	2079.89560802755	448.996707317412	2415.84519121323	2874.0
7	Spectrogram 1	1	2080.41611850526	2080.87844881484	415.940430277146	2564.59843789442	2875.0
8	Spectrogram 1	1	2183.43161034003	2184.11450678559	614.278092518741	2465.42960677362	2876.0
9	Spectrogram 1	1	2184.52768024517	2185.18357361793	680.390646599272	3225.72397869974	2877.0
