Selection	View	Channel	Begin Time (s)	End Time (s)	Low Freq (Hz)	High Freq (Hz)	Annotation
1	Spectrogram 1	1	314.539945408777	314.803154017058	614.278092518741	2300.14822157229	3050.0
2	Spectrogram 1	1	315.147112982708	315.418712052627	531.637399918076	2267.09194453203	3051.0
3	Spectrogram 1	1	315.814965756005	316.049427977436	515.109261397944	2200.9793904515	3052.0
4	Spectrogram 1	1	316.566590443648	316.830113129257	515.109261397944	2399.31705269309	3053.0
5	Spectrogram 1	1	317.518989279107	317.732864258472	680.390646599272	2217.50752897163	3054.0
6	Spectrogram 1	1	319.490548392452	319.796059334351	548.165538438209	2234.03566749176	3055.0
7	Spectrogram 1	1	323.775732462074	324.145777055264	498.58112287781	2349.73263713269	3056.0
8	Spectrogram 1	1	327.174803957516	327.432392541517	548.165538438209	2267.09194453203	3057.0
9	Spectrogram 1	1	328.089424501395	328.282349826846	448.996707317412	2002.6417282099	3058.0
10	Spectrogram 1	1	333.177562443217	333.317694916485	581.221815478475	2118.33869785083	3059.0
11	Spectrogram 1	1	334.071261512566	334.20621736184	548.165538438209	1870.41662004884	3060.0
12	Spectrogram 1	1	334.726614495915	334.944818725904	498.58112287781	1903.47289708911	3061.0
13	Spectrogram 1	1	335.376331684931	335.607309050793	548.165538438209	2151.3949748911	3062.0
14	Spectrogram 1	1	336.237354138829	336.451069949237	647.334369559006	2283.62008305216	3063.0
15	Spectrogram 1	1	349.451126107093	349.670425601954	663.862508079139	2531.54216085416	3064.0
16	Spectrogram 1	1	349.912346100244	350.090742707929	713.446923639538	2481.95774529376	3065.0
17	Spectrogram 1	1	357.464610738013	357.647498129741	895.256447361	2680.29540753535	3066.0
18	Spectrogram 1	1	359.758869066691	360.069000855296	581.221815478475	2647.23913049509	3067.0
19	Spectrogram 1	1	360.258349672546	360.422404370591	812.615754760335	2531.54216085416	3068.0
20	Spectrogram 1	1	360.688007803639	360.877137827721	746.503200679804	2498.48588381389	3069.0
21	Spectrogram 1	1	361.102047260825	361.355732423795	597.749953998608	2481.95774529376	3070.0
22	Spectrogram 1	1	361.61445369847	361.81270126639	581.221815478475	2581.12657641455	3071.0
23	Spectrogram 1	1	362.134869465207	362.298723012694	630.806231038874	2581.12657641455	3072.0
24	Spectrogram 1	1	362.578587317316	362.767583208962	746.503200679804	2878.63306977695	3073.0
25	Spectrogram 1	1	363.085078030399	363.364768639825	630.806231038874	2564.59843789442	3074.0
26	Spectrogram 1	1	363.651915644768	363.901309474354	647.334369559006	2481.95774529376	3075.0
27	Spectrogram 1	1	364.221468481912	364.381848266155	796.087616240203	2366.26077565283	3076.0
28	Spectrogram 1	1	369.621287574368	369.786364699673	597.749953998608	1986.11358968977	3077.0
29	Spectrogram 1	1	370.685279376384	370.760299794891	564.693676958342	2052.2261437703	3078.0
30	Spectrogram 1	1	371.731889014656	371.931833301437	680.390646599272	2283.62008305216	3079.0
31	Spectrogram 1	1	372.163421614178	372.411779332882	647.334369559006	2713.35168457562	3080.0
32	Spectrogram 1	1	373.244474553328	373.473451652228	548.165538438209	2250.5638060119	3081.0
33	Spectrogram 1	1	375.800211754825	376.061041415731	663.862508079139	2267.09194453203	3082.0
34	Spectrogram 1	1	376.362468850866	376.569736057954	630.806231038874	2515.01402233402	3083.0
35	Spectrogram 1	1	377.041247169712	377.138766271545	564.693676958342	1986.11358968977	3084.0
36	Spectrogram 1	1	383.05523241577	383.293892144222	432.468568797279	2366.26077565283	3088.0
37	Spectrogram 1	1	386.261595460419	386.445251411604	482.052984357678	2300.14822157229	3085.0
38	Spectrogram 1	1	387.002437146645	387.231254291172	564.693676958342	2118.33869785083	3087.0
39	Spectrogram 1	1	387.89802140809	387.940485799217	647.334369559006	2019.16986673004	3086.0
40	Spectrogram 1	1	389.52238813996	389.661714088547	465.524845837545	1804.30406596831	3089.0
41	Spectrogram 1	1	390.028042869722	390.135178083438	647.334369559006	1969.58545116964	3090.0
42	Spectrogram 1	1	390.490306101571	390.6252721898	680.390646599272	2002.6417282099	3091.0
43	Spectrogram 1	1	391.126933964396	391.209136668394	597.749953998608	2382.78891417296	3092.0
44	Spectrogram 1	1	1301.34162101431	1301.55360160745	680.390646599272	2167.92311341123	920_1300_1
45	Spectrogram 1	1	1301.9897615371	1302.34731166784	647.334369559006	2382.78891417296	920_1300_2
46	Spectrogram 1	1	1573.30592652551	1573.66122212489	647.334369559006	2399.31705269309	920_1570_1
47	Spectrogram 1	1	1573.87311861422	1574.13801170222	548.165538438209	2515.01402233402	920_1570_2
48	Spectrogram 1	1	1574.23991163089	1574.43367849237	415.940430277146	2448.90146825349	920_1570_3
49	Spectrogram 1	1	1574.63235189379	1574.80137359979	564.693676958342	2448.90146825349	920_1570_4
50	Spectrogram 1	1	1575.05397708692	1575.21418214296	614.278092518741	2481.95774529376	920_1575_1
51	Spectrogram 1	1	1575.5572318779	1575.84370229642	630.806231038874	2581.12657641455	920_1575_2
52	Spectrogram 1	1	1576.09882928132	1576.21733163836	729.975062159671	2498.48588381389	920_1575_3
53	Spectrogram 1	1	1577.60554618008	1577.77865622647	581.221815478475	2531.54216085416	920_1575_4
54	Spectrogram 1	1	1612.90266406029	1613.06078126816	663.862508079139	1886.94475856897	920_1610_1
55	Spectrogram 1	1	1613.45095387336	1613.54766861386	630.806231038874	2448.90146825349	920_1610_2
56	Spectrogram 1	1	1613.86674222783	1614.00444875658	663.862508079139	2597.65471493469	920_1610_3
57	Spectrogram 1	1	1614.27314200315	1614.48213186559	597.749953998608	2564.59843789442	920_1610_4
58	Spectrogram 1	1	1614.70903886437	1614.89114083322	696.918785119405	2448.90146825349	920_1610_5
59	Spectrogram 1	1	1625.58124945729	1625.80630984945	713.446923639538	2779.46423865615	920_1625_1
60	Spectrogram 1	1	1626.05950538224	1626.36487014605	614.278092518741	2597.65471493469	920_1625_2
61	Spectrogram 1	1	1626.53019595701	1626.86896679983	482.052984357678	2680.29540753535	920_1625_3
62	Spectrogram 1	1	1627.04882734219	1627.2610376538	515.109261397944	2481.95774529376	920_1625_4
63	Spectrogram 1	1	1629.44799727868	1629.71559899303	614.278092518741	2581.12657641455	920_1625_5
64	Spectrogram 1	1	1629.90961659484	1629.98874776361	614.278092518741	2134.86683637097	920_1630_1
65	Spectrogram 1	1	1630.3402756754	1630.48820529113	630.806231038874	2498.48588381389	920_1630_2
66	Spectrogram 1	1	1630.88794344395	1631.03827625476	647.334369559006	2581.12657641455	920_1630_3
67	Spectrogram 1	1	1631.46647505224	1631.62768769523	647.334369559006	2647.23913049509	920_1630_4
68	Spectrogram 1	1	1631.96274305687	1632.2209787041	663.862508079139	2746.40796161588	920_1630_5
69	Spectrogram 1	1	1632.46267448617	1632.63782865801	763.031339199937	2597.65471493469	920_1630_6
70	Spectrogram 1	1	1632.90271475789	1633.12191733488	614.278092518741	2531.54216085416	920_1630_7
71	Spectrogram 1	1	1651.25484285691	1651.49290466403	614.278092518741	2564.59843789442	920_1650_1
72	Spectrogram 1	1	1651.75996228483	1652.01606647821	696.918785119405	2515.01402233402	920_1650_2
73	Spectrogram 1	1	1652.20637302739	1652.50019492169	581.221815478475	2564.59843789442	920_1650_3
74	Spectrogram 1	1	1652.65369466268	1652.98436730272	763.031339199937	2548.07029937429	920_1650_4
75	Spectrogram 1	1	1653.10103417352	1653.38144541815	564.693676958342	2564.59843789442	920_1650_5
76	Spectrogram 1	1	1653.520164026	1653.81323080178	498.58112287781	2349.73263713269	920_1650_6
77	Spectrogram 1	1	1653.94743293304	1654.15159802108	614.278092518741	2382.78891417296	920_1650_7
78	Spectrogram 1	1	1654.36658825284	1654.66020624187	647.334369559006	2465.42960677362	920_1650_8
79	Spectrogram 1	1	1654.85837885669	1654.98083639831	630.806231038874	2349.73263713269	920_1655_1
80	Spectrogram 1	1	1655.33135661099	1655.58969053111	680.390646599272	2531.54216085416	920_1655_2
81	Spectrogram 1	1	1655.80705512641	1656.09524464279	564.693676958342	2432.37332973336	920_1655_3
82	Spectrogram 1	1	1656.26125292647	1656.41880615615	829.143893280468	2366.26077565283	920_1655_4
83	Spectrogram 1	1	1656.75045504446	1656.95545426211	829.143893280468	2415.84519121323	920_1655_5
84	Spectrogram 1	1	1657.1274168393	1657.46234425114	696.918785119405	2415.84519121323	920_1655_6
85	Spectrogram 1	1	1700.52546481885	1700.71028270731	564.693676958342	2134.86683637097	920_1700_1
86	Spectrogram 1	1	1701.17590734687	1701.3486441241	614.278092518741	2118.33869785083	920_1700_2
87	Spectrogram 1	1	1701.79195457406	1701.9943889339	515.109261397944	2134.86683637097	920_1700_3
88	Spectrogram 1	1	1702.39654065856	1702.44195053893	564.693676958342	2068.75428229043	920_1700_4
89	Spectrogram 1	1	1703.01857208534	1703.11289498011	696.918785119405	2151.3949748911	920_1700_5
90	Spectrogram 1	1	1703.5079790834	1703.73550087912	630.806231038874	2151.3949748911	920_1700_6
91	Spectrogram 1	1	1704.08322679218	1704.32029021897	630.806231038874	2184.45125193136	920_1700_7
92	Spectrogram 1	1	1779.9365086755	1780.02091334861	564.693676958342	2283.62008305216	920_1780_1
93	Spectrogram 1	1	1780.39578960722	1780.53479607602	663.862508079139	2448.90146825349	920_1780_2
94	Spectrogram 1	1	1780.85392066804	1781.00774029844	663.862508079139	2614.18285345482	920_1780_3
95	Spectrogram 1	1	1781.32332723514	1781.51343324462	680.390646599272	2481.95774529376	920_1780_4
96	Spectrogram 1	1	1790.04582568355	1790.15715702684	680.390646599272	2333.20449861256	920_1790_1
97	Spectrogram 1	1	1790.55553801001	1790.61045492575	647.334369559006	2349.73263713269	920_1790_2
98	Spectrogram 1	1	1791.67452587156	1791.83216840478	663.862508079139	2498.48588381389	920_1790_3
99	Spectrogram 1	1	1792.2710027413	1792.34912439243	680.390646599272	2250.5638060119	920_1790_4
100	Spectrogram 1	1	1795.54584592905	1795.60560248355	614.278092518741	2481.95774529376	920_1795_1
101	Spectrogram 1	1	1796.0463677005	1796.15257904338	713.446923639538	2515.01402233402	920_1795_2
102	Spectrogram 1	1	1797.31454152845	1797.47729306982	581.221815478475	2746.40796161588	920_1795_3
103	Spectrogram 1	1	1797.82872779926	1797.98840937744	630.806231038874	2531.54216085416	920_1795_4
104	Spectrogram 1	1	1798.28101693528	1798.51589692597	729.975062159671	2663.76726901522	920_1795_5
105	Spectrogram 1	1	1798.86210234462	1798.95426812626	647.334369559006	2465.42960677362	920_1795_6
106	Spectrogram 1	1	1799.20316653638	1799.38702679615	696.918785119405	2564.59843789442	920_1795_7
107	Spectrogram 1	1	1799.62772210391	1799.81628266944	647.334369559006	2614.18285345482	920_1795_8
108	Spectrogram 1	1	1800.04621057736	1800.23916450426	597.749953998608	2630.71099197495	920_1800_1
109	Spectrogram 1	1	1800.42507824834	1800.64382034811	647.334369559006	2548.07029937429	920_1800_2
110	Spectrogram 1	1	1800.88396910785	1801.16004003968	696.918785119405	2630.71099197495	920_1800_3
111	Spectrogram 1	1	1803.53478482724	1803.60047863906	663.862508079139	2217.50752897163	920_1800_4
112	Spectrogram 1	1	1803.98605905184	1804.18486966236	680.390646599272	2515.01402233402	920_1800_5
113	Spectrogram 1	1	1811.86871028372	1812.0319155191	746.503200679804	2481.95774529376	920_1810_1
114	Spectrogram 1	1	1812.26889672402	1812.51393716351	713.446923639538	2548.07029937429	920_1810_2
115	Spectrogram 1	1	1812.69119437306	1812.89773673013	663.862508079139	2498.48588381389	920_1810_3
116	Spectrogram 1	1	1813.02114036714	1813.23704189626	680.390646599272	2481.95774529376	920_1810_4
117	Spectrogram 1	1	1813.41832423816	1813.62357695189	663.862508079139	2564.59843789442	920_1810_5
118	Spectrogram 1	1	1813.82859126657	1813.89312063588	564.693676958342	2762.93610013602	920_1810_6
119	Spectrogram 1	1	1814.28010706766	1814.45051031281	647.334369559006	2647.23913049509	920_1810_7
120	Spectrogram 1	1	1814.65504875554	1814.81507274891	647.334369559006	2696.82354605548	920_1810_8
121	Spectrogram 1	1	1815.09250418908	1815.30383120378	548.165538438209	2448.90146825349	920_1815_1
122	Spectrogram 1	1	2206.93002535158	2207.17560398629	349.827876196615	1787.77592744818	920_2205_1
123	Spectrogram 1	1	2207.40552181568	2207.54736812589	250.659045075817	1754.71965040791	920_2205_2
124	Spectrogram 1	1	2207.89192158815	2208.06010122818	300.243460636216	2002.6417282099	920_2205_3
125	Spectrogram 1	1	2208.41640336321	2208.53365116322	498.58112287781	1820.83220448844	920_2205_4
126	Spectrogram 1	1	2612.36989897281	2612.5330919896	564.693676958342	2217.50752897163	920_2610_1
127	Spectrogram 1	1	2612.82554861494	2613.06146716496	581.221815478475	2167.92311341123	920_2610_2
128	Spectrogram 1	1	2613.32858170315	2613.55813226652	597.749953998608	2234.03566749176	920_2610_3
129	Spectrogram 1	1	2613.81700203216	2614.03784760241	614.278092518741	2316.67636009243	920_2610_4
130	Spectrogram 1	1	2614.27838062494	2614.57358985624	630.806231038874	2333.20449861256	920_2610_5
131	Spectrogram 1	1	2614.7498066304	2615.0969667785	597.749953998608	2200.9793904515	920_2610_6
132	Spectrogram 1	1	2615.28327571515	2615.53998569265	432.468568797279	2316.67636009243	920_2615_1
133	Spectrogram 1	1	2615.8297323548	2616.09770745454	663.862508079139	2630.71099197495	920_2615_2
134	Spectrogram 1	1	2616.34436761764	2616.56293992555	614.278092518741	2481.95774529376	920_2615_3
135	Spectrogram 1	1	2641.60253802886	2641.70488810353	597.749953998608	2267.09194453203	920_2640_1
136	Spectrogram 1	1	2642.12001931631	2642.28063847577	763.031339199937	2234.03566749176	920_2640_2
137	Spectrogram 1	1	2642.62924370661	2642.86635510524	696.918785119405	2234.03566749176	920_2640_3
138	Spectrogram 1	1	2643.00746347432	2643.30380025662	647.334369559006	2498.48588381389	920_2640_4
139	Spectrogram 1	1	2643.61867080794	2643.84182428622	564.693676958342	2217.50752897163	920_2640_5
140	Spectrogram 1	1	2644.09537858905	2644.29424437098	696.918785119405	2333.20449861256	920_2640_6
141	Spectrogram 1	1	2644.60019418584	2644.74408497034	779.55947772007	2234.03566749176	920_2640_7
142	Spectrogram 1	1	3133.39066117366	3133.66450191329	432.468568797279	2118.33869785083	920_3130_1
143	Spectrogram 1	1	3133.91404633924	3134.07066600594	465.524845837545	1539.85384964618	920_3130_2
144	Spectrogram 1	1	3134.45495625371	3134.59319932874	482.052984357678	2151.3949748911	920_3130_3
145	Spectrogram 1	1	6460.8316021955	6461.06693515628	564.693676958342	2399.31705269309	920_6460_1
146	Spectrogram 1	1	6461.26838624282	6461.41201805623	498.58112287781	2333.20449861256	920_6460_2
147	Spectrogram 1	1	6461.79339850444	6461.96867649609	597.749953998608	2349.73263713269	920_6460_3
148	Spectrogram 1	1	6462.21050734398	6462.47537891044	647.334369559006	2498.48588381389	920_6460_4
149	Spectrogram 1	1	6462.72238252374	6462.90948510946	548.165538438209	2415.84519121323	920_6460_5
150	Spectrogram 1	1	6463.94379716176	6464.08738457264	515.109261397944	2366.26077565283	920_6460_6
151	Spectrogram 1	1	6464.40827791639	6464.52811439384	680.390646599272	2167.92311341123	920_6460_7
152	Spectrogram 1	1	6464.85395207767	6465.06049443474	680.390646599272	2333.20449861256	920_6460_8
153	Spectrogram 1	1	6465.89255394015	6466.07033614648	647.334369559006	2316.67636009243	920_6465_1
154	Spectrogram 1	1	6466.89204744448	6467.05658024841	779.55947772007	2465.42960677362	920_6465_2
155	Spectrogram 1	1	6468.04015516125	6468.22757408574	796.087616240203	2515.01402233402	920_6465_3
156	Spectrogram 1	1	6469.10655216023	6469.34164398914	779.55947772007	2366.26077565283	920_6465_4
157	Spectrogram 1	1	6470.61778603816	6470.71924100607	779.55947772007	2217.50752897163	920_6470_1
158	Spectrogram 1	1	6471.49184414835	6471.66141910605	680.390646599272	2234.03566749176	920_6470_2
159	Spectrogram 1	1	6472.08001121719	6472.2212205119	779.55947772007	2316.67636009243	920_6470_3
160	Spectrogram 1	1	6538.90949681954	6539.18580588574	515.109261397944	2085.28242081057	920_6535_1
161	Spectrogram 1	1	6762.9674876685	6763.24606958841	564.693676958342	2035.69800525017	920_6760_1
162	Spectrogram 1	1	6763.53233304497	6763.75321932394	630.806231038874	1920.00103560924	920_6760_2
163	Spectrogram 1	1	6764.01713079111	6764.25067461873	663.862508079139	2002.6417282099	920_6760_3
164	Spectrogram 1	1	6764.46046083119	6764.57274615971	630.806231038874	1986.11358968977	920_6760_4
165	Spectrogram 1	1	6764.96753841355	6765.13540598844	663.862508079139	1986.11358968977	920_6765_1
166	Spectrogram 1	1	6765.50356490782	6765.67099113706	680.390646599272	2019.16986673004	920_6765_2
167	Spectrogram 1	1	6766.76895645735	6766.87358569331	763.031339199937	2101.8105593307	920_6765_3
168	Spectrogram 1	1	6767.25585008105	6767.39350404217	663.862508079139	2481.95774529376	920_6765_4
169	Spectrogram 1	1	6767.92646699103	6768.04775761035	696.918785119405	2432.37332973336	920_6765_5
170	Spectrogram 1	1	6769.85830995158	6769.92797496393	763.031339199937	1853.88848152871	920_6765_6
171	Spectrogram 1	1	7423.43152107279	7423.7136034182	663.862508079139	2085.28242081057	920_7420_1
172	Spectrogram 1	1	7423.91396753372	7424.04364157391	729.975062159671	2234.03566749176	920_7420_2
173	Spectrogram 1	1	7897.59486420349	7898.11104655945	713.446923639538	2184.45125193136	920_7895_1
174	Spectrogram 1	1	7898.60582874362	7899.06492205677	548.165538438209	2349.73263713269	920_7895_2
175	Spectrogram 1	1	8683.64552548665	8683.91633152605	415.940430277146	2234.03566749176	920_8680_1
176	Spectrogram 1	1	8684.2092782848	8684.34105090997	399.412291757013	2200.9793904515	920_8680_2
177	Spectrogram 1	1	8700.17233220699	8700.41606535185	432.468568797279	2052.2261437703	920_8700_1
178	Spectrogram 1	1	8700.93776537428	8701.05751815327	498.58112287781	2101.8105593307	920_8700_2
179	Spectrogram 1	1	8701.45826940712	8701.63263072061	482.052984357678	2217.50752897163	920_8700_3
180	Spectrogram 1	1	8704.11290730985	8704.29272744494	597.749953998608	2085.28242081057	920_8700_4
181	Spectrogram 1	1	10326.2047053833	10326.4269034789	614.278092518741	1870.41662004884	920_10325_1
182	Spectrogram 1	1	10327.9285017918	10328.2258485189	564.693676958342	1870.41662004884	920_10325_2
183	Spectrogram 1	1	10328.343997681	10328.5025425027	647.334369559006	2019.16986673004	920_10325_3
184	Spectrogram 1	1	10328.6975101988	10328.8786777689	564.693676958342	2316.67636009243	920_10325_4
185	Spectrogram 1	1	10329.0846964511	10329.2412587466	515.109261397944	2267.09194453203	920_10325_5
186	Spectrogram 1	1	10329.4704775816	10329.6699020665	581.221815478475	2184.45125193136	920_10325_6
187	Spectrogram 1	1	10330.2618540816	10330.5163542535	548.165538438209	2300.14822157229	920_10330_1
188	Spectrogram 1	1	10330.7159659513	10330.9743575645	531.637399918076	2267.09194453203	920_10330_2
189	Spectrogram 1	1	10331.1550209985	10331.4666385606	482.052984357678	2283.62008305216	920_10330_3
190	Spectrogram 1	1	10331.8128327982	10332.1140918033	515.109261397944	2250.5638060119	920_10330_4
191	Spectrogram 1	1	10332.3019959344	10332.5623157691	482.052984357678	2382.78891417296	920_10330_5
192	Spectrogram 1	1	10340.655642839	10340.8471703327	382.88415323688	2035.69800525017	920_10340_1
193	Spectrogram 1	1	10341.1780085077	10341.3011702144	465.524845837545	2035.69800525017	920_10340_2
194	Spectrogram 1	1	10341.5872966051	10341.7808547144	482.052984357678	2052.2261437703	920_10340_3
195	Spectrogram 1	1	10342.4179001599	10342.5562732714	482.052984357678	1903.47289708911	920_10340_4
196	Spectrogram 1	1	10344.7976082298	10345.1572027863	482.052984357678	1920.00103560924	920_10340_5
197	Spectrogram 1	1	10350.1159861416	10350.1953865656	448.996707317412	1705.13523484751	920_10350_1
198	Spectrogram 1	1	10350.6234345065	10350.7262301437	531.637399918076	1936.52917412937	920_10350_2
199	Spectrogram 1	1	10780.5599482924	10781.0649131404	548.165538438209	2101.8105593307	920_10780_1
200	Spectrogram 1	1	10781.5668148763	10782.061170885	498.58112287781	2151.3949748911	920_10780_2
201	Spectrogram 1	1	10841.0448407896	10841.4542214685	333.299737676482	2366.26077565283	920_10840_1
202	Spectrogram 1	1	10855.964210208	10856.1238917862	531.637399918076	1771.24778892804	920_10855_1
203	Spectrogram 1	1	10866.4371287011	10866.5697044835	564.693676958342	2101.8105593307	920_10865_1
204	Spectrogram 1	1	10866.9088307533	10867.018490088	663.862508079139	2283.62008305216	920_10865_2
205	Spectrogram 1	1	10867.3068818899	10867.5447013304	614.278092518741	2349.73263713269	920_10865_3
206	Spectrogram 1	1	10867.7355753436	10867.96306624	647.334369559006	2283.62008305216	920_10865_4
207	Spectrogram 1	1	10868.1814257942	10868.3235652163	663.862508079139	2366.26077565283	920_10865_5
208	Spectrogram 1	1	10868.5872170253	10868.7933547411	597.749953998608	2432.37332973336	920_10865_6
209	Spectrogram 1	1	10869.0099867943	10869.1640887901	647.334369559006	2448.90146825349	920_10865_7
210	Spectrogram 1	1	10869.4639157955	10869.6458944399	746.503200679804	2415.84519121323	920_10865_8
211	Spectrogram 1	1	10869.883906759	10870.0861243549	548.165538438209	2531.54216085416	920_10865_9
212	Spectrogram 1	1	10875.3094276195	10875.5398129387	796.087616240203	2515.01402233402	920_10875_1
213	Spectrogram 1	1	10875.8218621741	10876.040938003	597.749953998608	2515.01402233402	920_10875_2
214	Spectrogram 1	1	10876.2999270582	10876.5008005378	663.862508079139	2415.84519121323	920_10875_3
215	Spectrogram 1	1	10876.9426473072	10877.074659496	763.031339199937	2134.86683637097	920_10875_4
216	Spectrogram 1	1	10877.4099065834	10877.5426044593	581.221815478475	2134.86683637097	920_10875_5
217	Spectrogram 1	1	10890.1604879466	10890.3499171492	680.390646599272	2614.18285345482	920_10890_1
218	Spectrogram 1	1	10890.7333546417	10890.8897976251	663.862508079139	2548.07029937429	920_10890_2
219	Spectrogram 1	1	10891.2802868052	10891.4555272517	680.390646599272	2498.48588381389	920_10890_3
220	Spectrogram 1	1	10891.8222797097	10891.9759091525	763.031339199937	2548.07029937429	920_10890_4
221	Spectrogram 1	1	10893.383552849	10893.5326922643	663.862508079139	2481.95774529376	920_10890_5
222	Spectrogram 1	1	10893.8686517495	10894.0102554632	763.031339199937	2366.26077565283	920_10890_6
223	Spectrogram 1	1	10894.3482392432	10894.4602633747	845.672031800601	2349.73263713269	920_10890_7
224	Spectrogram 1	1	10894.8215367381	10894.9606690312	614.278092518741	2283.62008305216	920_10890_8
225	Spectrogram 1	1	10900.9561864045	10901.0695781416	614.278092518741	2134.86683637097	920_10900_1
226	Spectrogram 1	1	10901.4628236525	10901.5588345441	647.334369559006	2267.09194453203	920_10900_2
227	Spectrogram 1	1	10901.9225155103	10902.0168384051	729.975062159671	2234.03566749176	920_10900_3
228	Spectrogram 1	1	10902.3868325947	10902.539765417	647.334369559006	2234.03566749176	920_10900_4
229	Spectrogram 1	1	10940.4367130535	10940.5085898871	829.143893280468	2432.37332973336	920_10940_1
230	Spectrogram 1	1	10941.4646214725	10941.5999151982	779.55947772007	2515.01402233402	920_10940_2
231	Spectrogram 1	1	10941.9219600347	10942.0454776898	647.334369559006	2432.37332973336	920_10940_3
232	Spectrogram 1	1	10942.460243795	10942.5951054652	564.693676958342	2415.84519121323	920_10940_4
233	Spectrogram 1	1	10942.8931004939	10943.0499144653	878.728308840867	2234.03566749176	920_10940_5
234	Spectrogram 1	1	10943.3289372662	10943.55998443	878.728308840867	2548.07029937429	920_10940_6
235	Spectrogram 1	1	10943.7799818911	10943.9221678051	680.390646599272	2531.54216085416	920_10940_7
236	Spectrogram 1	1	10944.1541429491	10944.3382639532	647.334369559006	2680.29540753535	920_10940_8
237	Spectrogram 1	1	10944.5929915865	10944.7783763351	812.615754760335	2531.54216085416	920_10940_9
238	Spectrogram 1	1	10945.0937660415	10945.2544135748	796.087616240203	2267.09194453203	920_10945_1
239	Spectrogram 1	1	10945.5203702486	10945.7182075158	779.55947772007	2531.54216085416	920_10945_2
240	Spectrogram 1	1	10946.0134092882	10946.1882957843	928.312724401265	2680.29540753535	920_10945_3
241	Spectrogram 1	1	10946.433991204	10946.56787929	680.390646599272	2349.73263713269	920_10945_4
242	Spectrogram 1	1	10946.7882314282	10947.0527606505	597.749953998608	2316.67636009243	920_10945_5
243	Spectrogram 1	1	10947.1693307931	10947.3136098005	614.278092518741	2267.09194453203	920_10945_6
244	Spectrogram 1	1	10947.5815734768	10947.8914730013	746.503200679804	2184.45125193136	920_10945_7
245	Spectrogram 1	1	10947.9790529204	10948.1188387764	680.390646599272	2217.50752897163	920_10945_8
246	Spectrogram 1	1	10948.2962370611	10948.5823195583	548.165538438209	2366.26077565283	920_10945_9
247	Spectrogram 1	1	10948.7487095437	10948.9435528842	465.524845837545	2300.14822157229	920_10945_10
248	Spectrogram 1	1	10949.179327805	10949.3573917033	630.806231038874	2515.01402233402	920_10945_11
249	Spectrogram 1	1	10949.6389792054	10949.7814273702	845.672031800601	2498.48588381389	920_10945_12
250	Spectrogram 1	1	10950.1354639161	10950.3087600394	515.109261397944	2267.09194453203	920_10950_1
251	Spectrogram 1	1	10950.5616329283	10950.7651597544	564.693676958342	2614.18285345482	920_10950_2
252	Spectrogram 1	1	10950.998303558	10951.1235653779	581.221815478475	2647.23913049509	920_10950_3
253	Spectrogram 1	1	10951.4148627496	10951.5431029699	647.334369559006	2696.82354605548	920_10950_4
254	Spectrogram 1	1	10951.8667025516	10952.0525644846	746.503200679804	2696.82354605548	920_10950_5
255	Spectrogram 1	1	10952.3701112958	10952.5536429772	779.55947772007	2316.67636009243	920_10950_6
256	Spectrogram 1	1	11201.5594374655	11201.7230343212	581.221815478475	1953.0573126495	920_11200_1
257	Spectrogram 1	1	11202.0679732017	11202.2492609649	647.334369559006	2300.14822157229	920_11200_2
258	Spectrogram 1	1	11202.63745863	11202.6691120336	564.693676958342	1986.11358968977	920_11200_3
259	Spectrogram 1	1	11203.2047394798	11203.3471288853	597.749953998608	1953.0573126495	920_11200_4
260	Spectrogram 1	1	11203.7437812335	11203.9595092521	482.052984357678	1936.52917412937	920_11200_5
261	Spectrogram 1	1	11246.845942431	11247.1319872959	630.806231038874	1936.52917412937	920_11245_1
262	Spectrogram 1	1	11247.4847658794	11247.6517561213	515.109261397944	2068.75428229043	920_11245_2
263	Spectrogram 1	1	11248.0074907705	11248.2040664549	448.996707317412	2151.3949748911	920_11245_3
264	Spectrogram 1	1	11248.7191443438	11248.8497498611	531.637399918076	2217.50752897163	920_11245_4
265	Spectrogram 1	1	11249.3502613941	11249.539677556	564.693676958342	2134.86683637097	920_11245_5
266	Spectrogram 1	1	11295.4167788335	11295.5113524949	581.221815478475	1986.11358968977	920_11295_1
267	Spectrogram 1	1	11296.0530224784	11296.1154529794	763.031339199937	1705.13523484751	920_11295_2
268	Spectrogram 1	1	11296.5681178067	11296.7974238555	515.109261397944	1920.00103560924	920_11295_3
269	Spectrogram 1	1	11297.0178772298	11297.1694039014	630.806231038874	2134.86683637097	920_11295_4
270	Spectrogram 1	1	11297.5259897373	11297.7642195457	564.693676958342	2465.42960677362	920_11295_5
271	Spectrogram 1	1	11298.0901382599	11298.3228235943	614.278092518741	2349.73263713269	920_11295_6
272	Spectrogram 1	1	11298.670271719	11298.8419493505	581.221815478475	1903.47289708911	920_11295_7
273	Spectrogram 1	1	11299.1438977524	11299.3587509246	630.806231038874	2167.92311341123	920_11295_8
274	Spectrogram 1	1	11299.7810230473	11299.9008418439	597.749953998608	2167.92311341123	920_11295_9
275	Spectrogram 1	1	11300.2478584387	11300.4895954102	614.278092518741	2465.42960677362	920_11300_1
276	Spectrogram 1	1	11300.8250807598	11300.9914555072	796.087616240203	2267.09194453203	920_11300_2
277	Spectrogram 1	1	11302.9656434446	11303.1242281088	498.58112287781	2151.3949748911	920_11300_3
278	Spectrogram 1	1	11575.671684292	11575.8633393683	482.052984357678	2035.69800525017	920_11575_1
279	Spectrogram 1	1	11576.3666080577	11576.4710210748	465.524845837545	1936.52917412937	920_11575_2
280	Spectrogram 1	1	11576.9823766045	11577.1411777728	515.109261397944	1820.83220448844	920_11575_3
281	Spectrogram 1	1	11577.7011560119	11577.799178075	630.806231038874	1953.0573126495	920_11575_4
282	Spectrogram 1	1	11578.3453002043	11578.4571961409	614.278092518741	1754.71965040791	920_11575_5
283	Spectrogram 1	1	11578.8830036453	11579.1134236317	548.165538438209	2052.2261437703	920_11575_6
284	Spectrogram 1	1	11579.8064483241	11580.014628758	564.693676958342	2019.16986673004	920_11575_7
285	Spectrogram 1	1	11582.0685461055	11582.2326112241	597.749953998608	2134.86683637097	920_11580_1
286	Spectrogram 1	1	11582.69167735	11582.8104284752	647.334369559006	2118.33869785083	920_11580_2
287	Spectrogram 1	1	11661.8253550853	11662.0565595937	729.975062159671	2432.37332973336	920_11660_1
288	Spectrogram 1	1	11662.355924097	11662.6200516743	647.334369559006	2399.31705269309	920_11660_2
289	Spectrogram 1	1	11662.9017109107	11663.12477168	763.031339199937	2118.33869785083	920_11660_3
290	Spectrogram 1	1	11663.3530468961	11663.5013482465	763.031339199937	2283.62008305216	920_11660_4
291	Spectrogram 1	1	11663.9230190544	11664.2515419078	746.503200679804	2531.54216085416	920_11660_5
292	Spectrogram 1	1	11670.509775488	11670.6906341154	763.031339199937	2663.76726901522	920_11670_1
293	Spectrogram 1	1	11671.1106711101	11671.234926041	729.975062159671	2581.12657641455	920_11670_2
294	Spectrogram 1	1	11671.736442228	11671.7619940276	779.55947772007	2399.31705269309	920_11670_3
295	Spectrogram 1	1	11672.323752644	11672.4443176516	796.087616240203	2647.23913049509	920_11670_4
296	Spectrogram 1	1	11672.8352449572	11673.0090137943	663.862508079139	2366.26077565283	920_11670_5
297	Spectrogram 1	1	11673.2894521156	11673.5119717263	729.975062159671	2481.95774529376	920_11670_6
298	Spectrogram 1	1	11673.7121032229	11673.9107546332	581.221815478475	2349.73263713269	920_11670_7
299	Spectrogram 1	1	11674.094906836	11674.3869396194	432.468568797279	2465.42960677362	920_11670_8
300	Spectrogram 1	1	11674.6206624448	11674.9767563842	432.468568797279	2481.95774529376	920_11670_9
301	Spectrogram 1	1	11675.0800219434	11675.3266565057	515.109261397944	2283.62008305216	920_11675_1
302	Spectrogram 1	1	11675.5954152006	11675.8597451393	548.165538438209	1953.0573126495	920_11675_2
303	Spectrogram 1	1	11680.7684637105	11680.9731250043	531.637399918076	1870.41662004884	920_11680_1
304	Spectrogram 1	1	11681.5779786785	11681.9231539352	465.524845837545	2200.9793904515	920_11680_2
305	Spectrogram 1	1	11682.6143246201	11682.7479857899	564.693676958342	2250.5638060119	920_11680_3
306	Spectrogram 1	1	11683.1187706952	11683.3697971467	597.749953998608	2267.09194453203	920_11680_4
307	Spectrogram 1	1	11684.1787866889	11684.3934999166	564.693676958342	2118.33869785083	920_11680_5
308	Spectrogram 1	1	11684.6953150802	11684.8953635448	614.278092518741	2167.92311341123	920_11680_6
309	Spectrogram 1	1	11726.9793056941	11727.2965530952	779.55947772007	2002.6417282099	920_11725_1
310	Spectrogram 1	1	11727.5762178437	11727.8038210661	763.031339199937	2333.20449861256	920_11725_2
311	Spectrogram 1	1	11728.1193285823	11728.1940234179	548.165538438209	2200.9793904515	920_11725_3
312	Spectrogram 1	1	11728.6248990757	11728.8780864596	564.693676958342	2217.50752897163	920_11725_4
313	Spectrogram 1	1	11751.8860120296	11752.1052225995	432.468568797279	1853.88848152871	920_11750_1
314	Spectrogram 1	1	11756.4908010691	11756.5991517112	498.58112287781	1886.94475856897	920_11755_1
315	Spectrogram 1	1	11756.9853326705	11757.1040858074	465.524845837545	2349.73263713269	920_11755_2
316	Spectrogram 1	1	11757.8144211564	11758.0065672084	581.221815478475	2101.8105593307	920_11755_3
317	Spectrogram 1	1	11758.3106948191	11758.4855761286	448.996707317412	2184.45125193136	920_11755_4
318	Spectrogram 1	1	11758.7844342242	11759.0018551093	548.165538438209	2184.45125193136	920_11755_5
319	Spectrogram 1	1	11782.7086559936	11782.9083396708	564.693676958342	2184.45125193136	920_11780_1
320	Spectrogram 1	1	11783.2414747988	11783.4369673757	614.278092518741	2564.59843789442	920_11780_2
321	Spectrogram 1	1	11783.6657957671	11783.8764535924	647.334369559006	2283.62008305216	920_11780_3
322	Spectrogram 1	1	11784.1172961184	11784.266096859	647.334369559006	2581.12657641455	920_11780_4
323	Spectrogram 1	1	11784.538484334	11784.7220804129	614.278092518741	2564.59843789442	920_11780_5
324	Spectrogram 1	1	11784.9758610098	11785.0967455745	548.165538438209	2481.95774529376	920_11785_1
325	Spectrogram 1	1	11785.4191696105	11785.659557467	663.862508079139	2432.37332973336	920_11785_2
326	Spectrogram 1	1	11799.8496326759	11800.0317355523	482.052984357678	2366.26077565283	920_11800_1
327	Spectrogram 1	1	11800.2921674268	11800.463004552	581.221815478475	2597.65471493469	920_11800_2
328	Spectrogram 1	1	11800.7879636734	11800.9096039025	696.918785119405	2316.67636009243	920_11800_3
329	Spectrogram 1	1	11801.6579260077	11801.6774724107	382.88415323688	2200.9793904515	920_11800_4
330	Spectrogram 1	1	11802.312874011	11802.355528188	796.087616240203	2200.9793904515	920_11800_5
331	Spectrogram 1	1	11885.6467285073	11885.8288304762	448.996707317412	2217.50752897163	920_11885_1
332	Spectrogram 1	1	11886.192142071	11886.4367009341	647.334369559006	2300.14822157229	920_11885_2
333	Spectrogram 1	1	11886.5997874289	11886.7899655389	696.918785119405	2217.50752897163	920_11885_3
334	Spectrogram 1	1	11886.966513997	11887.188016167	647.334369559006	2399.31705269309	920_11885_4
335	Spectrogram 1	1	11887.3776419113	11887.5910758313	548.165538438209	2349.73263713269	920_11885_5
336	Spectrogram 1	1	11887.808374112	11888.0382257396	630.806231038874	2316.67636009243	920_11885_6
337	Spectrogram 1	1	11888.2406055305	11888.4780609689	614.278092518741	2399.31705269309	920_11885_7
338	Spectrogram 1	1	11888.6518534544	11888.8300515772	812.615754760335	2581.12657641455	920_11885_8
339	Spectrogram 1	1	11889.1076166635	11889.3439347773	796.087616240203	2399.31705269309	920_11885_9
340	Spectrogram 1	1	11889.7319379212	11890.147415508	680.390646599272	2415.84519121323	920_11885_10
341	Spectrogram 1	1	11890.2476064874	11890.5137242415	647.334369559006	2134.86683637097	920_11890_1
342	Spectrogram 1	1	11890.7101141566	11890.8996254603	729.975062159671	2465.42960677362	920_11890_2
343	Spectrogram 1	1	11891.171367705	11891.4646588136	680.390646599272	2515.01402233402	920_11890_3
344	Spectrogram 1	1	11891.6907887336	11891.9702861834	696.918785119405	2481.95774529376	920_11890_4
345	Spectrogram 1	1	11892.1887801367	11892.3495654373	647.334369559006	2250.5638060119	920_11890_5
346	Spectrogram 1	1	11892.6929319519	11892.8740995219	696.918785119405	2316.67636009243	920_11890_6
347	Spectrogram 1	1	11893.6523932962	11893.7650136881	696.918785119405	2068.75428229043	920_11890_7
348	Spectrogram 1	1	11925.3744080904	11925.649920089	663.862508079139	2448.90146825349	920_11925_1
349	Spectrogram 1	1	11925.7853542814	11926.0083210658	448.996707317412	2267.09194453203	920_11925_2
350	Spectrogram 1	1	11926.1421154941	11926.3871930583	482.052984357678	2498.48588381389	920_11925_3
351	Spectrogram 1	1	11926.5750112149	11926.7434242802	448.996707317412	2663.76726901522	920_11925_4
352	Spectrogram 1	1	11927.0635959536	11927.3305075031	581.221815478475	2399.31705269309	920_11925_5
353	Spectrogram 1	1	11927.5453185773	11927.8369432075	597.749953998608	2713.35168457562	920_11925_6
354	Spectrogram 1	1	11928.0654426426	11928.3788033581	597.749953998608	2762.93610013602	920_11925_7
355	Spectrogram 1	1	11928.6250250016	11928.9708061369	779.55947772007	2448.90146825349	920_11925_8
356	Spectrogram 1	1	11929.106558451	11929.2663773839	581.221815478475	2581.12657641455	920_11925_9
357	Spectrogram 1	1	11929.5815970691	11929.6600465794	647.334369559006	2647.23913049509	920_11925_10
358	Spectrogram 1	1	11929.9495196396	11930.1265001553	564.693676958342	2515.01402233402	920_11930_1
359	Spectrogram 1	1	11930.4584849832	11930.6344472412	283.715322116083	2531.54216085416	920_11930_2
360	Spectrogram 1	1	11930.9084604722	11931.2170181715	432.468568797279	2399.31705269309	920_11930_3
361	Spectrogram 1	1	11931.6121954238	11931.8695985989	482.052984357678	2134.86683637097	920_11930_4
362	Spectrogram 1	1	11934.0988840927	11934.3074843498	713.446923639538	2531.54216085416	920_11930_5
363	Spectrogram 1	1	11934.6595095742	11934.7833194353	680.390646599272	2283.62008305216	920_11930_6
364	Spectrogram 1	1	11935.2841293918	11935.5356682094	647.334369559006	2035.69800525017	920_11935_1
365	Spectrogram 1	1	11935.854513484	11936.0043108881	531.637399918076	1953.0573126495	920_11935_2
366	Spectrogram 1	1	11937.7054988062	11937.9215981278	515.109261397944	1886.94475856897	920_11935_3
367	Spectrogram 1	1	11938.237656118	11938.2812451388	581.221815478475	1688.60709632738	920_11935_4
368	Spectrogram 1	1	11987.1198413262	11987.4632317967	746.503200679804	2234.03566749176	920_11985_1
369	Spectrogram 1	1	11987.6565448388	11987.8436943959	614.278092518741	2597.65471493469	920_11985_2
370	Spectrogram 1	1	11988.1581068735	11988.3801529437	696.918785119405	2267.09194453203	920_11985_3
371	Spectrogram 1	1	11988.7704767288	11988.8046848573	812.615754760335	2366.26077565283	920_11985_4
372	Spectrogram 1	1	11989.1716357873	11989.2628811679	796.087616240203	2432.37332973336	920_11985_5
373	Spectrogram 1	1	12001.4910678661	12001.6191599599	779.55947772007	1936.52917412937	920_12000_1
374	Spectrogram 1	1	12001.8063924896	12002.0281783819	515.109261397944	2481.95774529376	920_12000_2
375	Spectrogram 1	1	12002.2219711835	12002.4036448102	498.58112287781	2515.01402233402	920_12000_3
376	Spectrogram 1	1	12002.6112124855	12002.8851783055	531.637399918076	2713.35168457562	920_12000_4
377	Spectrogram 1	1	12003.0166967723	12003.2571435786	647.334369559006	2481.95774529376	920_12000_5
378	Spectrogram 1	1	12003.4714911707	12003.660286054	581.221815478475	2581.12657641455	920_12000_6
379	Spectrogram 1	1	12003.8613256259	12004.1321721483	630.806231038874	2729.87982309575	920_12000_7
380	Spectrogram 1	1	12004.3566707497	12004.6186253582	548.165538438209	2696.82354605548	920_12000_8
381	Spectrogram 1	1	12006.0342194604	12006.3719374498	564.693676958342	2234.03566749176	920_12005_1
382	Spectrogram 1	1	12006.5875919819	12006.886566999	647.334369559006	2399.31705269309	920_12005_2
383	Spectrogram 1	1	12007.0562865195	12007.3035315983	647.334369559006	2333.20449861256	920_12005_3
384	Spectrogram 1	1	12007.5348032433	12007.8293878363	630.806231038874	2316.67636009243	920_12005_4
385	Spectrogram 1	1	12008.076817958	12008.3343010868	597.749953998608	2349.73263713269	920_12005_5
386	Spectrogram 1	1	12008.5863300256	12008.8008191341	680.390646599272	2316.67636009243	920_12005_6
387	Spectrogram 1	1	12009.0211963701	12009.2468242782	597.749953998608	2415.84519121323	920_12005_7
388	Spectrogram 1	1	12009.4555299211	12009.5674167008	663.862508079139	2680.29540753535	920_12005_8
389	Spectrogram 1	1	12009.8940085485	12010.1837837002	680.390646599272	2432.37332973336	920_12005_9
390	Spectrogram 1	1	12010.3770688684	12010.5243646331	581.221815478475	2481.95774529376	920_12010_1
391	Spectrogram 1	1	12010.7841630859	12011.0184147509	564.693676958342	2465.42960677362	920_12010_2
392	Spectrogram 1	1	12011.2724184373	12011.4424976244	647.334369559006	2498.48588381389	920_12010_3
393	Spectrogram 1	1	12012.6448740639	12012.7801027996	680.390646599272	2118.33869785083	920_12010_4
394	Spectrogram 1	1	12013.3342504863	12013.5878125629	515.109261397944	2250.5638060119	920_12010_5
395	Spectrogram 1	1	12013.8456379191	12014.0389047054	614.278092518741	2465.42960677362	920_12010_6
396	Spectrogram 1	1	12014.3398157704	12014.6239145468	630.806231038874	2432.37332973336	920_12010_7
397	Spectrogram 1	1	12015.0232077003	12015.3316164191	581.221815478475	2333.20449861256	920_12015_1
398	Spectrogram 1	1	12025.184471839	12025.4380375156	564.693676958342	2052.2261437703	920_12025_1
399	Spectrogram 1	1	12025.6014118028	12025.8136727748	597.749953998608	2300.14822157229	920_12025_2
400	Spectrogram 1	1	12026.0293988999	12026.318206879	630.806231038874	2151.3949748911	920_12025_3
401	Spectrogram 1	1	12026.4968640005	12026.6686449854	680.390646599272	2184.45125193136	920_12025_4
402	Spectrogram 1	1	12029.3048127004	12029.4981288724	647.334369559006	2184.45125193136	920_12025_5
403	Spectrogram 1	1	12029.7459399762	12029.9195797917	746.503200679804	2085.28242081057	920_12025_6
404	Spectrogram 1	1	12030.8080095964	12030.9246915379	663.862508079139	2151.3949748911	920_12030_1
405	Spectrogram 1	1	12031.287136207	12031.4759897746	630.806231038874	2300.14822157229	920_12030_2
406	Spectrogram 1	1	12031.868487984	12032.074107722	680.390646599272	2333.20449861256	920_12030_3
407	Spectrogram 1	1	12032.3568000139	12032.6545391294	763.031339199937	2234.03566749176	920_12030_4
408	Spectrogram 1	1	12033.358210554	12033.4532158598	630.806231038874	2035.69800525017	920_12030_5
409	Spectrogram 1	1	12045.5284846689	12045.6246281579	531.637399918076	2134.86683637097	920_12045_1
410	Spectrogram 1	1	12046.8595161982	12046.9826934712	581.221815478475	2052.2261437703	920_12045_2
411	Spectrogram 1	1	12048.1373001774	12048.3672531166	663.862508079139	2333.20449861256	920_12045_3
412	Spectrogram 1	1	12048.6464472311	12048.876687937	614.278092518741	2101.8105593307	920_12045_4
413	Spectrogram 1	1	12049.1401651666	12049.3995126164	548.165538438209	2316.67636009243	920_12045_5
414	Spectrogram 1	1	12097.9491996104	12098.1526563028	647.334369559006	1969.58545116964	920_12095_1
415	Spectrogram 1	1	12098.515005561	12098.6987753622	680.390646599272	2101.8105593307	920_12095_2
416	Spectrogram 1	1	12098.9182655402	12099.2158543555	680.390646599272	2366.26077565283	920_12095_3
417	Spectrogram 1	1	12099.3189081284	12099.4439812269	482.052984357678	2564.59843789442	920_12095_4
418	Spectrogram 1	1	12099.6966452088	12099.9110263918	663.862508079139	2597.65471493469	920_12095_5
419	Spectrogram 1	1	12100.0861647082	12100.2303127037	630.806231038874	2415.84519121323	920_12100_1
420	Spectrogram 1	1	12100.5239978894	12100.7189356396	663.862508079139	2448.90146825349	920_12100_2
421	Spectrogram 1	1	12100.9732012488	12101.121818948	663.862508079139	2300.14822157229	920_12100_3
422	Spectrogram 1	1	12101.3899850636	12101.5532883777	630.806231038874	2234.03566749176	920_12100_4
423	Spectrogram 1	1	12101.8271755638	12101.978067803	548.165538438209	2316.67636009243	920_12100_5
424	Spectrogram 1	1	12102.26941218	12102.4409808001	630.806231038874	2630.71099197495	920_12100_6
425	Spectrogram 1	1	12102.7410890886	12103.0269835955	614.278092518741	2333.20449861256	920_12100_7
426	Spectrogram 1	1	12103.2700335568	12103.3986484539	713.446923639538	2349.73263713269	920_12100_8
427	Spectrogram 1	1	12103.7143305651	12103.9058361768	482.052984357678	2465.42960677362	920_12100_9
428	Spectrogram 1	1	12104.310706453	12104.3826031105	647.334369559006	2415.84519121323	920_12100_10
429	Spectrogram 1	1	12110.1729636493	12110.2548326978	763.031339199937	2250.5638060119	920_12110_1
430	Spectrogram 1	1	12110.7243970372	12110.7905600471	647.334369559006	1804.30406596831	920_12110_2
431	Spectrogram 1	1	12111.0440743926	12111.2114818722	548.165538438209	2316.67636009243	920_12110_3
432	Spectrogram 1	1	12111.4174903531	12111.6712787901	713.446923639538	2746.40796161588	920_12110_4
433	Spectrogram 1	1	12111.8525836324	12112.1077390373	531.637399918076	2481.95774529376	920_12110_5
434	Spectrogram 1	1	12112.3255183294	12112.6221617064	531.637399918076	2515.01402233402	920_12110_6
435	Spectrogram 1	1	12112.775906722	12113.0377458383	812.615754760335	2432.37332973336	920_12110_7
436	Spectrogram 1	1	12113.816847318	12113.9645398871	581.221815478475	1936.52917412937	920_12110_8
437	Spectrogram 1	1	12114.3046144358	12114.4653263169	630.806231038874	2333.20449861256	920_12110_9
438	Spectrogram 1	1	12383.8852004784	12384.0320862604	597.749953998608	2300.14822157229	920_12380_1
439	Spectrogram 1	1	12384.6313032934	12384.8751656409	482.052984357678	2515.01402233402	920_12380_2
440	Spectrogram 1	1	12385.2425642763	12385.5263713824	531.637399918076	1903.47289708911	920_12385_1
441	Spectrogram 1	1	12385.6948846683	12385.9106943238	515.109261397944	2399.31705269309	920_12385_2
442	Spectrogram 1	1	12386.5960462171	12386.8261941869	564.693676958342	2432.37332973336	920_12385_3
443	Spectrogram 1	1	12388.0093380785	12388.1003753668	713.446923639538	2151.3949748911	920_12385_5
444	Spectrogram 1	1	12388.5504350895	12388.7631992681	729.975062159671	2465.42960677362	920_12385_4
445	Spectrogram 1	1	12436.1624068824	12436.2620962529	647.334369559006	1969.58545116964	920_12435_1
446	Spectrogram 1	1	12436.8109024741	12436.8762730464	663.862508079139	1837.36034300857	920_12435_2
447	Spectrogram 1	1	12437.7013403529	12437.7519644938	597.749953998608	1539.85384964618	920_12435_3
448	Spectrogram 1	1	12438.6722189624	12438.7835815804	498.58112287781	1556.38198816632	920_12435_4
449	Spectrogram 1	1	12439.3098809109	12439.4728691359	630.806231038874	1886.94475856897	920_12435_5
450	Spectrogram 1	1	12439.8189818516	12439.9059557488	1027.48155552206	1242.34735628379	920_12435_6
451	Spectrogram 1	1	12442.2792534275	12442.4999704166	581.221815478475	2019.16986673004	920_12440_1
452	Spectrogram 1	1	12442.9532569681	12443.1615536422	696.918785119405	2134.86683637097	920_12440_2
453	Spectrogram 1	1	12443.4006302896	12443.511368184	548.165538438209	1870.41662004884	920_12440_3
454	Spectrogram 1	1	12443.9314992559	12444.0980845116	630.806231038874	2118.33869785083	920_12440_4
455	Spectrogram 1	1	12444.7404033997	12444.8992864626	432.468568797279	2019.16986673004	920_12440_5
456	Spectrogram 1	1	12475.2418356236	12475.3705465343	234.130906555684	1605.96640372671	920_12475_1
457	Spectrogram 1	1	12475.9691973859	12476.0565402579	597.749953998608	2300.14822157229	920_12475_2
458	Spectrogram 1	1	12476.45979382	12476.6163066031	597.749953998608	2713.35168457562	920_12475_3
459	Spectrogram 1	1	12476.9717576314	12477.0632867905	614.278092518741	2762.93610013602	920_12475_4
460	Spectrogram 1	1	12477.4708420316	12477.5577731269	680.390646599272	2795.99237717628	920_12475_5
461	Spectrogram 1	1	12477.9265246564	12477.9955493063	581.221815478475	2762.93610013602	920_12475_6
462	Spectrogram 1	1	12478.4045428127	12478.4957710867	597.749953998608	2630.71099197495	920_12475_7
463	Spectrogram 1	1	12479.0198031014	12479.1693627899	630.806231038874	2481.95774529376	920_12475_8
464	Spectrogram 1	1	12479.6707528444	12479.9450142953	581.221815478475	2432.37332973336	920_12475_9
465	Spectrogram 1	1	12480.5111533508	12480.6285712753	498.58112287781	2085.28242081057	920_12480_1
466	Spectrogram 1	1	12482.6524429184	12482.8104807103	515.109261397944	1986.11358968977	920_12480_2
467	Spectrogram 1	1	12483.597701874	12483.7820960694	597.749953998608	1870.41662004884	920_12480_3
468	Spectrogram 1	1	12530.6298210871	12530.7376004308	482.052984357678	1969.58545116964	920_12530_1
469	Spectrogram 1	1	12872.0052026819	12872.0735853133	432.468568797279	2118.33869785083	920_12870_1
470	Spectrogram 1	1	12873.4924224935	12873.7361556384	647.334369559006	2200.9793904515	920_12870_2
471	Spectrogram 1	1	12950.3453095891	12950.4824036925	663.862508079139	1986.11358968977	920_12950_1
472	Spectrogram 1	1	12951.1639735539	12951.3827026957	763.031339199937	2597.65471493469	920_12950_2
473	Spectrogram 1	1	12951.7729744272	12951.8621850762	696.918785119405	2349.73263713269	920_12950_3
474	Spectrogram 1	1	12952.4157557463	12952.4844193493	862.200170320734	1424.15688000525	920_12950_4
475	Spectrogram 1	1	12953.0081038018	12953.0460458476	796.087616240203	1969.58545116964	920_12950_5
476	Spectrogram 1	1	12953.4007185384	12953.6408393766	763.031339199937	2085.28242081057	920_12950_6
477	Spectrogram 1	1	12954.5470884158	12954.6951846388	663.862508079139	2118.33869785083	920_12950_7
478	Spectrogram 1	1	13283.3860388032	13283.6298210172	663.862508079139	2134.86683637097	920_13280_1
479	Spectrogram 1	1	13284.034945188	13284.2254540584	531.637399918076	2101.8105593307	920_13280_2
480	Spectrogram 1	1	13284.3550793142	13284.466845623	564.693676958342	2184.45125193136	920_13280_3
481	Spectrogram 1	1	13284.6895427126	13284.866751958	399.412291757013	2118.33869785083	920_13280_4
482	Spectrogram 1	1	13285.0729987487	13285.227950591	647.334369559006	2217.50752897163	920_13285_1
483	Spectrogram 1	1	13285.4666515374	13285.6292516518	663.862508079139	2531.54216085416	920_13285_2
484	Spectrogram 1	1	13285.8938429223	13286.1129187512	597.749953998608	2448.90146825349	920_13285_3
485	Spectrogram 1	1	13286.2991555504	13286.5011175699	614.278092518741	2234.03566749176	920_13285_4
486	Spectrogram 1	1	13286.7355820173	13286.9651313155	498.58112287781	2515.01402233402	920_13285_5
487	Spectrogram 1	1	13287.3253552053	13287.5845527101	663.862508079139	2366.26077565283	920_13285_6
488	Spectrogram 1	1	13287.8386358653	13288.0519900272	696.918785119405	2432.37332973336	920_13285_7
489	Spectrogram 1	1	13288.3219303314	13288.5148038413	597.749953998608	2366.26077565283	920_13285_8
490	Spectrogram 1	1	13288.7463296226	13288.9798734502	531.637399918076	2448.90146825349	920_13285_9
491	Spectrogram 1	1	13289.2735604053	13289.522660146	663.862508079139	2498.48588381389	920_13285_10
492	Spectrogram 1	1	13290.5165089758	13290.6993325751	663.862508079139	2184.45125193136	920_13290_1
493	Spectrogram 1	1	13291.0778642452	13291.2323897018	779.55947772007	2283.62008305216	920_13290_2
494	Spectrogram 1	1	13291.6790904188	13291.783075894	796.087616240203	2118.33869785083	920_13290_3
495	Spectrogram 1	1	13292.9297193018	13293.007596407	696.918785119405	2052.2261437703	920_13290_4
496	Spectrogram 1	1	13293.4812807064	13293.7538353132	630.806231038874	2068.75428229043	920_13290_5
497	Spectrogram 1	1	13296.0222837482	13296.1238740625	564.693676958342	2349.73263713269	920_13295_1
498	Spectrogram 1	1	13297.0688310334	13297.3313395397	333.299737676482	2448.90146825349	920_13295_2
499	Spectrogram 1	1	13297.5649289099	13297.7214912054	548.165538438209	2366.26077565283	920_13295_3
500	Spectrogram 1	1	13300.6064542774	13300.7629760725	465.524845837545	2184.45125193136	920_13300_1
501	Spectrogram 1	1	13301.5537515207	13301.6983946003	548.165538438209	2151.3949748911	920_13300_2
502	Spectrogram 1	1	14720.4772771863	14720.6758741313	779.55947772007	2399.31705269309	920_14720_1
503	Spectrogram 1	1	14721.0039791549	14721.1851984125	663.862508079139	2234.03566749176	920_14720_2
504	Spectrogram 1	1	14721.4870586692	14721.6873291881	796.087616240203	2134.86683637097	920_14720_3
505	Spectrogram 1	1	14722.2449882153	14722.4458915104	647.334369559006	2052.2261437703	920_14720_4
506	Spectrogram 1	1	14864.0323707224	14864.3732832568	564.693676958342	2267.09194453203	920_14860_1
507	Spectrogram 1	1	14864.6250074513	14864.9291351403	366.356014716747	2316.67636009243	920_14860_2
508	Spectrogram 1	1	14898.0016501293	14898.3056484656	515.109261397944	2035.69800525017	920_14895_1
509	Spectrogram 1	1	14899.2343658871	14899.396620191	548.165538438209	2184.45125193136	920_14895_2
510	Spectrogram 1	1	14899.5860506068	14899.8264384634	498.58112287781	2531.54216085416	920_14895_3
511	Spectrogram 1	1	14899.97320258	14900.228357985	597.749953998608	2515.01402233402	920_14900_1
512	Spectrogram 1	1	14900.3849742322	14900.4971695147	531.637399918076	2498.48588381389	920_14900_2
513	Spectrogram 1	1	14900.7386694673	14900.8535219385	564.693676958342	2481.95774529376	920_14900_3
514	Spectrogram 1	1	14901.1400733921	14901.3492360629	630.806231038874	2333.20449861256	920_14900_4
515	Spectrogram 1	1	14901.5133102656	14901.6601960476	564.693676958342	2349.73263713269	920_14900_5
516	Spectrogram 1	1	14901.8973718821	14902.0638404826	630.806231038874	2366.26077565283	920_14900_6
517	Spectrogram 1	1	14902.3666003766	14902.6298679092	531.637399918076	2432.37332973336	920_14900_7
518	Spectrogram 1	1	14902.7634780754	14902.9054837183	630.806231038874	2548.07029937429	920_14900_8
519	Spectrogram 1	1	14903.2084074863	14903.4629731829	680.390646599272	2614.18285345482	920_14900_9
520	Spectrogram 1	1	14903.6543803249	14903.7951678347	614.278092518741	2680.29540753535	920_14900_10
521	Spectrogram 1	1	14904.1024691218	14904.3263872441	696.918785119405	2812.52051569641	920_14900_11
522	Spectrogram 1	1	14904.4839377196	14904.7265557683	680.390646599272	2515.01402233402	920_14900_12
523	Spectrogram 1	1	14904.948945567	14905.1220801934	647.334369559006	2349.73263713269	920_14905_1
524	Spectrogram 1	1	14905.5268753505	14905.7181244183	763.031339199937	1920.00103560924	920_14905_2
525	Spectrogram 1	1	14906.5560208909	14906.6837433002	713.446923639538	1953.0573126495	920_14905_3
526	Spectrogram 1	1	14907.9820286289	14908.1126341462	630.806231038874	1936.52917412937	920_14905_4
527	Spectrogram 1	1	15108.360658575	15108.5022682309	663.862508079139	2515.01402233402	920_15105_1
528	Spectrogram 1	1	15108.7816275104	15109.0183780477	647.334369559006	2234.03566749176	920_15105_2
529	Spectrogram 1	1	15109.2969025471	15109.5198693315	581.221815478475	2415.84519121323	920_15105_3
530	Spectrogram 1	1	15120.0169893097	15120.1758723726	432.468568797279	2663.76726901522	920_15120_1
531	Spectrogram 1	1	15120.5681002193	15120.7792250952	680.390646599272	2316.67636009243	920_15120_2
532	Spectrogram 1	1	15561.2510000838	15561.4186115655	564.693676958342	2564.59843789442	920_15560_1
533	Spectrogram 1	1	15561.7775229552	15562.0266380806	581.221815478475	2101.8105593307	920_15560_2
534	Spectrogram 1	1	15562.2545880048	15562.4739883038	713.446923639538	2531.54216085416	920_15560_3
535	Spectrogram 1	1	15562.761608712	15562.9635767471	796.087616240203	2564.59843789442	920_15560_4
536	Spectrogram 1	1	15563.2795466212	15563.5284201647	729.975062159671	2300.14822157229	920_15560_5
537	Spectrogram 1	1	15563.8522975966	15564.1339757929	597.749953998608	1953.0573126495	920_15560_6
538	Spectrogram 1	1	15564.5274941176	15564.7471422034	729.975062159671	1886.94475856897	920_15560_7
539	Spectrogram 1	1	15585.0749270801	15585.239285885	729.975062159671	2647.23913049509	920_15585_1
540	Spectrogram 1	1	15585.3915309611	15585.6842324876	597.749953998608	2035.69800525017	920_15585_2
541	Spectrogram 1	1	15585.8937815863	15586.1096831154	630.806231038874	2250.5638060119	920_15585_3
542	Spectrogram 1	1	15586.2856891617	15586.4475430241	564.693676958342	2167.92311341123	920_15585_4
543	Spectrogram 1	1	15586.7386803339	15586.8927350677	564.693676958342	2663.76726901522	920_15585_5
544	Spectrogram 1	1	15587.1611067139	15587.3004332882	581.221815478475	2812.52051569641	920_15585_6
545	Spectrogram 1	1	15587.6052545942	15587.7139891809	614.278092518741	2548.07029937429	920_15585_7
546	Spectrogram 1	1	15588.0997754824	15588.3260381242	482.052984357678	2151.3949748911	920_15585_8
547	Spectrogram 1	1	15588.5885700736	15588.8044416781	630.806231038874	2349.73263713269	920_15585_9
548	Spectrogram 1	1	15589.4264877301	15589.5104294577	597.749953998608	2068.75428229043	920_15585_10
549	Spectrogram 1	1	15928.9863684955	15929.217031214	465.524845837545	1738.19151188778	920_15925_1
550	Spectrogram 1	1	15929.594746542	15929.7668345256	581.221815478475	1820.83220448844	920_15925_2
551	Spectrogram 1	1	15954.9029377207	15955.0143003387	465.524845837545	2531.54216085416	920_15955_1
552	Spectrogram 1	1	15955.3640529306	15955.5292158339	581.221815478475	2349.73263713269	920_15955_2
553	Spectrogram 1	1	15955.8203344398	15955.9513740171	713.446923639538	2630.71099197495	920_15955_3
554	Spectrogram 1	1	15957.1355741826	15957.2920171661	548.165538438209	2581.12657641455	920_15955_4
555	Spectrogram 1	1	16012.3376121995	16012.5653029767	382.88415323688	1969.58545116964	920_16010_1
556	Spectrogram 1	1	16013.0451278703	16013.272485641	399.412291757013	2432.37332973336	920_16010_2
557	Spectrogram 1	1	16013.561104664	16013.7736842728	498.58112287781	2118.33869785083	920_16010_3
558	Spectrogram 1	1	16227.465428834	16227.6778766069	415.940430277146	2151.3949748911	920_16225_1
559	Spectrogram 1	1	16228.0391749338	16228.2007783069	581.221815478475	2432.37332973336	920_16225_2
560	Spectrogram 1	1	16228.513011317	16228.7496922593	515.109261397944	2465.42960677362	920_16225_3
561	Spectrogram 1	1	16228.9422555702	16229.2038223618	614.278092518741	2498.48588381389	920_16225_4
562	Spectrogram 1	1	16229.3116636345	16229.6108957114	564.693676958342	2465.42960677362	920_16225_5
563	Spectrogram 1	1	16229.7459803932	16230.0377198841	548.165538438209	2498.48588381389	920_16225_6
564	Spectrogram 1	1	16230.1479560333	16230.262712566	498.58112287781	2647.23913049509	920_16230_1
565	Spectrogram 1	1	16230.6214833476	16230.8748410383	432.468568797279	2581.12657641455	920_16230_2
566	Spectrogram 1	1	16231.0779603028	16231.2461399428	564.693676958342	2498.48588381389	920_16230_3
567	Spectrogram 1	1	16231.5378656047	16231.7248761896	482.052984357678	2316.67636009243	920_16230_4
568	Spectrogram 1	1	16549.3112237384	16549.4606769991	515.109261397944	2002.6417282099	920_16545_1
569	Spectrogram 1	1	16549.756276788	16549.8921794154	548.165538438209	2085.28242081057	920_16545_2
570	Spectrogram 1	1	16550.3878367609	16550.5543000667	581.221815478475	1953.0573126495	920_16550_1
571	Spectrogram 1	1	16553.8737342036	16554.0978740562	482.052984357678	2316.67636009243	920_16550_2
572	Spectrogram 1	1	16554.4771854623	16554.6731117811	763.031339199937	2531.54216085416	920_16550_3
573	Spectrogram 1	1	16554.8563871732	16554.9833882193	548.165538438209	2432.37332973336	920_16555_1
574	Spectrogram 1	1	16555.2847987872	16555.5348937381	548.165538438209	2333.20449861256	920_16555_2
575	Spectrogram 1	1	16555.6834883981	16555.8562652066	614.278092518741	2399.31705269309	920_16555_3
576	Spectrogram 1	1	16556.1238696903	16556.2544379634	581.221815478475	2432.37332973336	920_16555_4
577	Spectrogram 1	1	16556.536735865	16556.7743483767	515.109261397944	2366.26077565283	920_16555_5
578	Spectrogram 1	1	16556.9731840038	16557.2366571215	482.052984357678	2432.37332973336	920_16555_6
579	Spectrogram 1	1	16557.4301155434	16557.7083636367	432.468568797279	2498.48588381389	920_16555_7
580	Spectrogram 1	1	16557.8969020833	16558.165544109	614.278092518741	2515.01402233402	920_16555_8
581	Spectrogram 1	1	16558.393302255	16558.6797966549	597.749953998608	2382.78891417296	920_16555_9
582	Spectrogram 1	1	16558.8277225798	16559.0960442194	630.806231038874	2614.18285345482	920_16555_10
583	Spectrogram 1	1	16559.3213809685	16559.6269387502	713.446923639538	2465.42960677362	920_16555_11
584	Spectrogram 1	1	16559.822808901	16560.134254959	663.862508079139	2465.42960677362	920_16555_12
585	Spectrogram 1	1	16560.4000616114	16560.5453462046	548.165538438209	2200.9793904515	920_16560_1
586	Spectrogram 1	1	16560.9111584151	16561.1252591201	812.615754760335	2382.78891417296	920_16560_2
587	Spectrogram 1	1	16561.5464007619	16561.7243616223	630.806231038874	2085.28242081057	920_16560_3
588	Spectrogram 1	1	16562.2040318478	16562.25664253	614.278092518741	2531.54216085416	920_16560_4
589	Spectrogram 1	1	16562.6517517202	16562.6918097359	796.087616240203	2300.14822157229	920_16560_5
590	Spectrogram 1	1	16563.1377697871	16563.3293568204	729.975062159671	2647.23913049509	920_16560_6
591	Spectrogram 1	1	16563.707471145	16563.9024088953	696.918785119405	2101.8105593307	920_16560_7
592	Spectrogram 1	1	16564.1902553395	16564.3890291545	713.446923639538	2548.07029937429	920_16560_8
593	Spectrogram 1	1	16564.6581160489	16564.7960083803	663.862508079139	2151.3949748911	920_16560_9
594	Spectrogram 1	1	16565.1224522571	16565.3480992213	829.143893280468	2465.42960677362	920_16565_1
595	Spectrogram 1	1	16565.5947981539	16565.8388102284	961.369001441531	2432.37332973336	920_16565_2
596	Spectrogram 1	1	16566.0616663229	16566.3512221432	531.637399918076	2515.01402233402	920_16565_3
597	Spectrogram 1	1	16566.613246015	16566.8730965587	713.446923639538	2515.01402233402	920_16565_4
598	Spectrogram 1	1	16567.1220150043	16567.3294138508	498.58112287781	2366.26077565283	920_16565_5
599	Spectrogram 1	1	16567.6255952962	16567.9934510441	614.278092518741	2432.37332973336	920_16565_6
600	Spectrogram 1	1	16568.131870935	16568.3108666246	713.446923639538	2448.90146825349	920_16565_7
601	Spectrogram 1	1	16568.6727321163	16568.9055657062	746.503200679804	2234.03566749176	920_16565_8
602	Spectrogram 1	1	16569.1620631649	16569.3689012811	763.031339199937	2349.73263713269	920_16565_9
603	Spectrogram 1	1	16569.6582625405	16569.9889933951	663.862508079139	2481.95774529376	920_16565_10
604	Spectrogram 1	1	16570.0847800642	16570.3764263002	630.806231038874	2481.95774529376	920_16570_1
605	Spectrogram 1	1	16570.4830748421	16570.6568436792	498.58112287781	2746.40796161588	920_16570_2
606	Spectrogram 1	1	16570.9118395618	16571.1039252191	564.693676958342	2779.46423865615	920_16570_3
607	Spectrogram 1	1	16571.3929197215	16571.5562035599	696.918785119405	2448.90146825349	920_16570_4
608	Spectrogram 1	1	16571.8572348621	16572.1346037216	630.806231038874	2647.23913049509	920_16570_5
609	Spectrogram 1	1	16572.5112771301	16572.8228793001	647.334369559006	2267.09194453203	920_16570_6
610	Spectrogram 1	1	16573.1399765437	16573.2903002738	663.862508079139	2415.84519121323	920_16570_7
611	Spectrogram 1	1	16580.3463241281	16580.4836619792	829.143893280468	2151.3949748911	920_16580_1
612	Spectrogram 1	1	16580.8206373435	16581.0111964779	779.55947772007	2465.42960677362	920_16580_2
613	Spectrogram 1	1	16581.2231550098	16581.3806163554	531.637399918076	2234.03566749176	920_16580_3
614	Spectrogram 1	1	16581.5882718082	16581.7620805566	564.693676958342	2300.14822157229	920_16580_4
615	Spectrogram 1	1	16581.992435293	16582.1236407678	729.975062159671	2481.95774529376	920_16580_5
616	Spectrogram 1	1	16582.4196956044	16582.635228637	796.087616240203	2382.78891417296	920_16580_6
617	Spectrogram 1	1	16585.7119299708	16585.9019381814	696.918785119405	2349.73263713269	920_16585_1
618	Spectrogram 1	1	16586.1377464401	16586.3007777118	647.334369559006	2250.5638060119	920_16585_2
619	Spectrogram 1	1	16586.54092077	16586.6442803624	696.918785119405	2481.95774529376	920_16585_3
620	Spectrogram 1	1	16587.0868180078	16587.2872687186	432.468568797279	2548.07029937429	920_16585_4
621	Spectrogram 1	1	16587.5491297954	16587.7847139191	564.693676958342	2663.76726901522	920_16585_5
622	Spectrogram 1	1	16681.2448252154	16681.4537792199	498.58112287781	2134.86683637097	920_16680_1
623	Spectrogram 1	1	16681.8169850248	16682.0181725959	597.749953998608	2316.67636009243	920_16680_2
624	Spectrogram 1	1	16910.0244343309	16910.1539409483	531.637399918076	1886.94475856897	920_16910_1
625	Spectrogram 1	1	16910.5749101161	16910.7513678675	581.221815478475	1969.58545116964	920_16910_2
626	Spectrogram 1	1	16911.199434634	16911.375368194	597.749953998608	1804.30406596831	920_16910_3
627	Spectrogram 1	1	16911.8009686437	16911.9685801254	548.165538438209	1920.00103560924	920_16910_4
628	Spectrogram 1	1	16912.7806947231	16912.9466507581	597.749953998608	1853.88848152871	920_16910_5
629	Spectrogram 1	1	16981.9317362941	16982.05545692	482.052984357678	1837.36034300857	920_16980_1
630	Spectrogram 1	1	16984.3332001639	16984.5470374088	680.390646599272	2250.5638060119	920_16980_2
631	Spectrogram 1	1	16984.7915207419	16984.9788678242	713.446923639538	2052.2261437703	920_16980_3
632	Spectrogram 1	1	16985.2669700118	16985.371541535	812.615754760335	2101.8105593307	920_16985_1
633	Spectrogram 1	1	16985.7218003289	16985.9581184426	564.693676958342	2234.03566749176	920_16985_2
634	Spectrogram 1	1	16986.2578926822	16986.5013695515	647.334369559006	2234.03566749176	920_16985_3
635	Spectrogram 1	1	16987.0121346354	16987.1942620972	630.806231038874	2217.50752897163	920_16985_4
636	Spectrogram 1	1	17019.9914646805	17020.1170008999	548.165538438209	1986.11358968977	920_17020_1
637	Spectrogram 1	1	17021.1748107559	17021.2051536458	581.221815478475	2118.33869785083	920_17020_2
638	Spectrogram 1	1	17022.0869794526	17022.1628057385	531.637399918076	1903.47289708911	920_17020_3
639	Spectrogram 1	1	17022.9142698941	17023.0407307855	597.749953998608	2035.69800525017	920_17020_4
640	Spectrogram 1	1	17023.5942577102	17023.7433971255	647.334369559006	1705.13523484751	920_17020_5
641	Spectrogram 1	1	17024.6588478541	17024.7251984502	498.58112287781	1969.58545116964	920_17020_6
642	Spectrogram 1	1	17157.2162166381	17157.5309677883	349.827876196615	1953.0573126495	920_17155_1
643	Spectrogram 1	1	17157.8166655787	17158.0132090596	399.412291757013	2217.50752897163	920_17155_2
644	Spectrogram 1	1	17158.4234531558	17158.51067455	448.996707317412	1771.24778892804	920_17155_3
645	Spectrogram 1	1	17336.1561977031	17336.4744796624	465.524845837545	2300.14822157229	920_17335_2
646	Spectrogram 1	1	17336.8203248951	17337.0977191499	465.524845837545	2217.50752897163	920_17335_1
647	Spectrogram 1	1	17344.9995551762	17345.2408260183	597.749953998608	2068.75428229043	920_17345_1
648	Spectrogram 1	1	17345.8822478522	17346.0028128598	729.975062159671	2217.50752897163	920_17345_2
649	Spectrogram 1	1	17393.769310742	17394.0132946301	399.412291757013	1886.94475856897	920_17390_1
650	Spectrogram 1	1	17394.4568112586	17394.6417434533	382.88415323688	2167.92311341123	920_17390_2
651	Spectrogram 1	1	17570.2949343042	17570.4984636927	448.996707317412	2035.69800525017	920_17570_1
652	Spectrogram 1	1	17570.7662712678	17570.9877101211	581.221815478475	2234.03566749176	920_17570_2
653	Spectrogram 1	1	17571.327429529	17571.4312626844	465.524845837545	2200.9793904515	920_17570_3
654	Spectrogram 1	1	17571.933277287	17572.0423607932	465.524845837545	1969.58545116964	920_17570_4
655	Spectrogram 1	1	17574.2977809014	17574.5985675508	515.109261397944	2085.28242081057	920_17570_5
656	Spectrogram 1	1	17602.6112065953	17602.8790995293	515.109261397944	2564.59843789442	920_17600_1
657	Spectrogram 1	1	17603.1612709191	17603.3096608209	680.390646599272	2597.65471493469	920_17600_2
658	Spectrogram 1	1	17603.7179309695	17603.9365032775	663.862508079139	2349.73263713269	920_17600_3
659	Spectrogram 1	1	17604.9307900617	17605.1130977198	498.58112287781	2068.75428229043	920_17605_1
660	Spectrogram 1	1	17605.5551073527	17605.779570242	498.58112287781	2283.62008305216	920_17605_2
661	Spectrogram 1	1	17606.3108432439	17606.5084368811	515.109261397944	1903.47289708911	920_17605_3
662	Spectrogram 1	1	17607.2357241685	17607.4259800633	548.165538438209	1969.58545116964	920_17605_4
663	Spectrogram 1	1	17607.7886551653	17607.8547484797	630.806231038874	2300.14822157229	920_17605_5
664	Spectrogram 1	1	17608.8884635125	17609.1821166791	349.827876196615	1986.11358968977	920_17605_6
665	Spectrogram 1	1	17620.2314143339	17620.464534485	448.996707317412	1953.0573126495	920_17620_1
666	Spectrogram 1	1	17620.7324239534	17620.8398153709	366.356014716747	1771.24778892804	920_17620_2
667	Spectrogram 1	1	17621.239319348	17621.5505943483	614.278092518741	1886.94475856897	920_17620_3
668	Spectrogram 1	1	17621.7991181899	17621.9675381999	531.637399918076	2101.8105593307	920_17620_4
669	Spectrogram 1	1	18187.6991755386	18187.8121077474	531.637399918076	2250.5638060119	920_18185_1
670	Spectrogram 1	1	18188.1558164489	18188.3684318842	597.749953998608	2382.78891417296	920_18185_2
671	Spectrogram 1	1	18188.556019207	18188.8503811502	531.637399918076	2448.90146825349	920_18185_3
672	Spectrogram 1	1	18188.9538690139	18189.107256911	647.334369559006	2399.31705269309	920_18185_4
673	Spectrogram 1	1	18189.3532784943	18189.5743136462	548.165538438209	2481.95774529376	920_18185_5
674	Spectrogram 1	1	18189.7893607631	18189.8937737801	531.637399918076	2564.59843789442	920_18185_6
675	Spectrogram 1	1	18190.254581785	18190.4669830453	531.637399918076	2217.50752897163	920_18190_1
676	Spectrogram 1	1	18192.1488478496	18192.4215207474	564.693676958342	2333.20449861256	920_18190_2
677	Spectrogram 1	1	18676.7466135325	18677.1040478248	432.468568797279	2217.50752897163	920_18675_1
