Selection	View	Channel	Begin Time (s)	End Time (s)	Low Freq (Hz)	High Freq (Hz)	Annotation
1	Spectrogram 1	1	5.38541195509641	5.60332681116722	415.940430277146	2267.09194453203	927_5_1
2	Spectrogram 1	1	7.03736485952222	7.14309448465042	581.221815478475	2498.48588381389	927_5_2
3	Spectrogram 1	1	7.56134190415027	7.72316414474978	564.693676958342	2448.90146825349	927_5_3
4	Spectrogram 1	1	8.00066584620617	8.23718413326698	498.58112287781	2498.48588381389	927_5_4
5	Spectrogram 1	1	8.39906818366086	8.56804642308667	564.693676958342	2448.90146825349	927_5_5
6	Spectrogram 1	1	9.32767286568334	9.53464183101988	713.446923639538	2432.37332973336	927_5_6
7	Spectrogram 1	1	9.92277107535069	10.0557632879215	597.749953998608	2680.29540753535	927_10_1
8	Spectrogram 1	1	10.4215965926641	10.5959336083783	614.278092518741	2498.48588381389	927_10_2
9	Spectrogram 1	1	10.904815824055	11.1866393611702	630.806231038874	2597.65471493469	927_10_3
10	Spectrogram 1	1	11.4053172712104	11.7202323187693	581.221815478475	2382.78891417296	927_10_4
11	Spectrogram 1	1	11.9969522992935	12.0831926695734	597.749953998608	2399.31705269309	927_10_5
12	Spectrogram 1	1	12.5386754999036	12.7453632829269	713.446923639538	2564.59843789442	927_10_6
13	Spectrogram 1	1	13.1530297150938	13.2483851807032	713.446923639538	2481.95774529376	927_10_7
14	Spectrogram 1	1	14.4394443881903	14.5697052325223	696.918785119405	2349.73263713269	927_10_8
15	Spectrogram 1	1	14.9751740232701	15.1193567745984	680.390646599272	2614.18285345482	927_15_1
16	Spectrogram 1	1	15.6639955348081	15.7882504657008	696.918785119405	2581.12657641455	927_15_2
17	Spectrogram 1	1	16.9343860658169	17.1303839834253	597.749953998608	2647.23913049509	927_15_3
18	Spectrogram 1	1	1712.56795407916	1712.92082979891	465.524845837545	2481.95774529376	927_1710_1
19	Spectrogram 1	1	1713.13917051311	1713.50653752416	531.637399918076	2366.26077565283	927_1710_2
20	Spectrogram 1	1	1713.70701951571	1714.08137019243	531.637399918076	2399.31705269309	927_1710_3
21	Spectrogram 1	1	1714.33252057756	1714.69550258626	531.637399918076	2300.14822157229	927_1710_4
22	Spectrogram 1	1	1755.00948029011	1755.33008567957	614.278092518741	2399.31705269309	927_1755_1
23	Spectrogram 1	1	1755.57607337035	1755.62839011532	581.221815478475	2663.76726901522	927_1755_2
24	Spectrogram 1	1	1775.02073176244	1775.40266155118	548.165538438209	2448.90146825349	927_1775_1
25	Spectrogram 1	1	1775.58948032704	1775.96436539	531.637399918076	2498.48588381389	927_1775_2
26	Spectrogram 1	1	1776.16704805492	1776.56178489703	0	4000	927_1775_3
27	Spectrogram 1	1	1776.79240183139	1777.16927887878	548.165538438209	2531.54216085416	927_1775_4
28	Spectrogram 1	1	3119.90678988469	3120.01740657321	647.334369559006	2316.67636009243	927_3120_1
29	Spectrogram 1	1	3120.46980969724	3120.72582173935	746.503200679804	2581.12657641455	927_3120_2
30	Spectrogram 1	1	3120.97911357385	3121.36223123091	944.840862921399	2630.71099197495	927_3120_3
31	Spectrogram 1	1	3121.55566570236	3121.84596039723	812.615754760335	2366.26077565283	927_3120_4
32	Spectrogram 1	1	3122.0483999656	3122.27659927714	696.918785119405	2415.84519121323	927_3120_5
33	Spectrogram 1	1	3122.55935742247	3122.80866604784	647.334369559006	2498.48588381389	927_3120_6
34	Spectrogram 1	1	3123.12522659737	3123.26799418542	614.278092518741	2448.90146825349	927_3120_7
35	Spectrogram 1	1	3123.66648111088	3123.81478246128	680.390646599272	2481.95774529376	927_3120_8
36	Spectrogram 1	1	3124.20741110325	3124.40066456334	729.975062159671	2597.65471493469	927_3120_9
37	Spectrogram 1	1	3124.74921495352	3124.97971358758	663.862508079139	2548.07029937429	927_3120_10
38	Spectrogram 1	1	3125.29624437143	3125.50278672849	680.390646599272	2548.07029937429	927_3125_1
39	Spectrogram 1	1	3125.83914287633	3125.92483942451	878.728308840867	2531.54216085416	927_3125_2
40	Spectrogram 1	1	3126.3785094461	3126.66532521053	746.503200679804	2515.01402233402	927_3125_3
41	Spectrogram 1	1	3126.92592403142	3127.20143602997	763.031339199937	2581.12657641455	927_3125_4
42	Spectrogram 1	1	3127.46857267731	3127.56557826231	713.446923639538	2581.12657641455	927_3125_5
43	Spectrogram 1	1	3127.98013216173	3128.19597306956	729.975062159671	2581.12657641455	927_3125_6
44	Spectrogram 1	1	3128.50596906679	3128.8725166108	696.918785119405	2564.59843789442	927_3125_7
45	Spectrogram 1	1	3129.04452252794	3129.15693424131	663.862508079139	2564.59843789442	927_3125_8
46	Spectrogram 1	1	3129.55982181929	3129.88718093804	647.334369559006	2581.12657641455	927_3125_9
47	Spectrogram 1	1	3130.08212661182	3130.26229927884	630.806231038874	2597.65471493469	927_3130_1
48	Spectrogram 1	1	3130.60847891662	3130.73414383317	630.806231038874	2349.73263713269	927_3130_2
49	Spectrogram 1	1	3131.21904245285	3131.37477743297	564.693676958342	2399.31705269309	927_3130_3
50	Spectrogram 1	1	3131.7995865415	3132.00668790159	614.278092518741	2481.95774529376	927_3130_4
51	Spectrogram 1	1	3132.34334090569	3132.61602998617	663.862508079139	2498.48588381389	927_3130_5
52	Spectrogram 1	1	3132.87261750596	3133.09182807589	564.693676958342	2531.54216085416	927_3130_6
53	Spectrogram 1	1	3133.88629102576	3134.18981391276	680.390646599272	2349.73263713269	927_3130_7
54	Spectrogram 1	1	3134.40434053228	3134.6175751988	680.390646599272	2647.23913049509	927_3130_8
55	Spectrogram 1	1	3137.07872622808	3137.15091870773	829.143893280468	2515.01402233402	927_3135_1
56	Spectrogram 1	1	3137.60011584408	3137.62246265766	696.918785119405	2415.84519121323	927_3135_2
57	Spectrogram 1	1	3138.16349093889	3138.34799337621	614.278092518741	2515.01402233402	927_3135_3
58	Spectrogram 1	1	3138.68724831257	3138.89568981997	581.221815478475	2333.20449861256	927_3135_4
59	Spectrogram 1	1	3139.2603833634	3139.41287067165	696.918785119405	2597.65471493469	927_3135_5
60	Spectrogram 1	1	3139.79783673029	3140.09318395379	680.390646599272	2498.48588381389	927_3135_6
61	Spectrogram 1	1	3140.34670788803	3140.50484058432	680.390646599272	2382.78891417296	927_3140_1
62	Spectrogram 1	1	3140.8653248325	3141.04814843179	829.143893280468	2515.01402233402	927_3140_2
63	Spectrogram 1	1	3141.39453486818	3141.50688064167	647.334369559006	2614.18285345482	927_3140_3
64	Spectrogram 1	1	3141.96173167868	3142.16518837112	663.862508079139	2729.87982309575	927_3140_4
65	Spectrogram 1	1	3142.53372972475	3142.68766713685	614.278092518741	2564.59843789442	927_3140_5
66	Spectrogram 1	1	3143.12286784894	3143.34000276824	696.918785119405	2465.42960677362	927_3140_6
67	Spectrogram 1	1	3143.74782891986	3143.91775936379	713.446923639538	2382.78891417296	927_3140_7
68	Spectrogram 1	1	3144.27435362997	3144.56575982733	647.334369559006	2548.07029937429	927_3140_8
69	Spectrogram 1	1	3144.92406179208	3145.16350908744	763.031339199937	2465.42960677362	927_3140_9
70	Spectrogram 1	1	3145.50956788861	3145.74486646165	614.278092518741	2647.23913049509	927_3145_1
71	Spectrogram 1	1	3146.14396567978	3146.25532829776	663.862508079139	2614.18285345482	927_3145_2
72	Spectrogram 1	1	3146.82164345816	3146.9456722847	829.143893280468	2647.23913049509	927_3145_3
73	Spectrogram 1	1	3147.46642238754	3147.66961402765	581.221815478475	1986.11358968977	927_3145_4
74	Spectrogram 1	1	3148.07993726983	3148.27875158514	630.806231038874	2316.67636009243	927_3145_5
75	Spectrogram 1	1	3148.68548233382	3148.7426128183	796.087616240203	2019.16986673004	927_3145_6
76	Spectrogram 1	1	3149.10954174081	3149.30115231978	729.975062159671	2349.73263713269	927_3145_7
77	Spectrogram 1	1	3149.59108257021	3149.81249916735	581.221815478475	2597.65471493469	927_3145_8
78	Spectrogram 1	1	3150.00977549833	3150.22762201366	614.278092518741	2432.37332973336	927_3150_1
79	Spectrogram 1	1	3150.39276789687	3150.70700575988	614.278092518741	2597.65471493469	927_3150_2
80	Spectrogram 1	1	3150.89254873649	3151.12767481411	465.524845837545	2746.40796161588	927_3150_3
81	Spectrogram 1	1	3151.39814227065	3151.58536544604	482.052984357678	2548.07029937429	927_3150_4
82	Spectrogram 1	1	3151.7718374626	3151.95514283909	515.109261397944	2680.29540753535	927_3150_5
83	Spectrogram 1	1	3152.3193603293	3152.4445785757	680.390646599272	2581.12657641455	927_3150_6
84	Spectrogram 1	1	3152.92800661206	3153.09198763715	382.88415323688	2250.5638060119	927_3150_7
85	Spectrogram 1	1	3154.08890283681	3154.39923837727	515.109261397944	2382.78891417296	927_3150_8
86	Spectrogram 1	1	3154.73793984779	3155.17628851683	448.996707317412	2531.54216085416	927_3150_9
87	Spectrogram 1	1	3155.32666590282	3155.58924497284	597.749953998608	2300.14822157229	927_3155_1
88	Spectrogram 1	1	3155.81494089937	3156.01594219818	597.749953998608	2630.71099197495	927_3155_2
89	Spectrogram 1	1	3156.34052043911	3156.49247716959	713.446923639538	2729.87982309575	927_3155_3
90	Spectrogram 1	1	3158.30170815856	3158.48299470673	498.58112287781	2564.59843789442	927_3155_4
91	Spectrogram 1	1	3158.82492743407	3159.03210907398	482.052984357678	2465.42960677362	927_3155_5
92	Spectrogram 1	1	4013.40315303861	4013.79279915692	465.524845837545	2283.62008305216	927_4010_1
93	Spectrogram 1	1	4014.04472450255	4014.13974350219	597.749953998608	2515.01402233402	927_4010_2
94	Spectrogram 1	1	4014.45984847719	4014.65943524875	597.749953998608	2448.90146825349	927_4010_3
95	Spectrogram 1	1	4014.93266068472	4015.18219666444	647.334369559006	2498.48588381389	927_4015_1
96	Spectrogram 1	1	4015.39974422022	4015.68250572867	548.165538438209	2498.48588381389	927_4015_2
97	Spectrogram 1	1	4015.91576803293	4016.30005214672	647.334369559006	2531.54216085416	927_4015_3
98	Spectrogram 1	1	4016.43976278653	4016.70561522323	680.390646599272	2481.95774529376	927_4015_4
99	Spectrogram 1	1	4016.94683764958	4017.2195840783	680.390646599272	2597.65471493469	927_4015_5
100	Spectrogram 1	1	4017.53980257562	4017.8021138927	663.862508079139	2531.54216085416	927_4015_6
101	Spectrogram 1	1	4018.82188684775	4018.94788916862	647.334369559006	2531.54216085416	927_4015_7
102	Spectrogram 1	1	4019.46990345812	4019.56506299142	763.031339199937	2564.59843789442	927_4015_8
103	Spectrogram 1	1	4019.9415940776	4020.05125341229	713.446923639538	2465.42960677362	927_4020_1
104	Spectrogram 1	1	4020.4954194118	4020.72505074594	713.446923639538	2481.95774529376	927_4020_2
105	Spectrogram 1	1	4021.03663463215	4021.31596373462	713.446923639538	2515.01402233402	927_4020_3
106	Spectrogram 1	1	4021.53075585769	4021.74562268478	713.446923639538	2515.01402233402	927_4020_4
107	Spectrogram 1	1	4022.09289112852	4022.37201609727	680.390646599272	2432.37332973336	927_4020_5
108	Spectrogram 1	1	4022.64129584485	4022.93198815618	729.975062159671	2415.84519121323	927_4020_6
109	Spectrogram 1	1	4023.20649060978	4023.45010902116	647.334369559006	2531.54216085416	927_4020_7
110	Spectrogram 1	1	4023.75598013675	4024.06469348666	680.390646599272	2415.84519121323	927_4020_8
111	Spectrogram 1	1	4024.31836717869	4024.63139138649	696.918785119405	2481.95774529376	927_4020_9
112	Spectrogram 1	1	4024.8763073589	4025.13397856766	779.55947772007	2382.78891417296	927_4020_10
113	Spectrogram 1	1	4025.41027270635	4025.56009377453	696.918785119405	2432.37332973336	927_4025_1
114	Spectrogram 1	1	4026.44142257968	4026.61385798802	564.693676958342	2548.07029937429	927_4025_2
115	Spectrogram 1	1	4026.94215708801	4027.1765908977	515.109261397944	2415.84519121323	927_4025_3
116	Spectrogram 1	1	4027.56525924681	4027.69923148315	482.052984357678	2366.26077565283	927_4025_4
117	Spectrogram 1	1	4028.18778004	4028.42459131578	515.109261397944	2366.26077565283	927_4025_5
118	Spectrogram 1	1	4028.81779517941	4029.02519402595	465.524845837545	2465.42960677362	927_4025_6
119	Spectrogram 1	1	4029.89595037125	4030.15796519925	465.524845837545	2531.54216085416	927_4025_7
120	Spectrogram 1	1	4031.92452785833	4032.06531536812	531.637399918076	1688.60709632738	927_4030_1
121	Spectrogram 1	1	4032.45051200819	4032.71377954081	465.524845837545	1754.71965040791	927_4030_2
122	Spectrogram 1	1	4033.01087726815	4033.2659973743	415.940430277146	1771.24778892804	927_4030_3
123	Spectrogram 1	1	4033.71081608378	4033.91868465259	597.749953998608	1853.88848152871	927_4030_4
124	Spectrogram 1	1	4035.31862986879	4035.56635049387	498.58112287781	1589.43826520658	927_4035_1
125	Spectrogram 1	1	4035.92918110761	4036.07090237054	647.334369559006	2101.8105593307	927_4035_2
126	Spectrogram 1	1	4036.4116032555	4036.58481484159	498.58112287781	2432.37332973336	927_4035_3
127	Spectrogram 1	1	4036.88047425434	4037.04336367351	597.749953998608	2217.50752897163	927_4035_4
128	Spectrogram 1	1	4037.51563408949	4037.62441017448	465.524845837545	1804.30406596831	927_4035_5
129	Spectrogram 1	1	4155.49730472982	4155.66950175901	515.109261397944	1738.19151188778	927_4155_1
130	Spectrogram 1	1	4156.0628566668	4156.32673057015	399.412291757013	1920.00103560924	927_4155_2
131	Spectrogram 1	1	4156.81796285569	4157.04395622873	432.468568797279	2035.69800525017	927_4155_3
132	Spectrogram 1	1	4157.50827528635	4157.79633100006	366.356014716747	1754.71965040791	927_4155_4
133	Spectrogram 1	1	4158.14175684998	4158.33559810699	366.356014716747	1853.88848152871	927_4155_5
134	Spectrogram 1	1	4158.69004076149	4158.9667765921	267.18718359595	1754.71965040791	927_4155_6
135	Spectrogram 1	1	4159.44035669611	4159.59945424868	283.715322116083	1903.47289708911	927_4155_7
136	Spectrogram 1	1	4173.81480992851	4174.00067883326	382.88415323688	2052.2261437703	927_4170_1
137	Spectrogram 1	1	4174.6786825061	4174.77207372429	482.052984357678	1804.30406596831	927_4170_2
138	Spectrogram 1	1	4176.05885814995	4176.19990842729	250.659045075817	2366.26077565283	927_4175_1
139	Spectrogram 1	1	4178.30380427458	4178.68025983716	614.278092518741	3242.25211721987	927_4175_2
140	Spectrogram 1	1	4414.90215163963	4414.99952962072	531.637399918076	2399.31705269309	927_4415_1
141	Spectrogram 1	1	4415.47365912914	4415.72522396102	680.390646599272	2498.48588381389	927_4415_2
142	Spectrogram 1	1	4415.96108112434	4416.17693686664	746.503200679804	2316.67636009243	927_4415_3
143	Spectrogram 1	1	4416.44943817485	4416.60988134885	663.862508079139	2366.26077565283	927_4415_4
144	Spectrogram 1	1	4417.01547864884	4417.16297256776	614.278092518741	2448.90146825349	927_4415_5
145	Spectrogram 1	1	4417.5855672871	4417.89829620589	630.806231038874	2382.78891417296	927_4415_6
146	Spectrogram 1	1	4418.37433062657	4418.63382763132	564.693676958342	2316.67636009243	927_4415_7
147	Spectrogram 1	1	4418.9669248536	4419.30186979654	680.390646599272	2366.26077565283	927_4415_8
148	Spectrogram 1	1	4419.46774933542	4419.59489421284	630.806231038874	2316.67636009243	927_4415_9
149	Spectrogram 1	1	4419.97224158056	4420.12820785309	729.975062159671	2382.78891417296	927_4420_1
150	Spectrogram 1	1	4420.39202687684	4420.62703133813	415.940430277146	2217.50752897163	927_4420_2
151	Spectrogram 1	1	4420.80512942573	4421.05666030749	614.278092518741	2234.03566749176	927_4420_3
152	Spectrogram 1	1	4421.18279246935	4421.42837110405	515.109261397944	2498.48588381389	927_4420_4
153	Spectrogram 1	1	4421.62681555814	4421.84481196132	548.165538438209	2349.73263713269	927_4420_5
154	Spectrogram 1	1	4422.05763055574	4422.32022855882	597.749953998608	2531.54216085416	927_4420_6
155	Spectrogram 1	1	4422.58277380525	4422.867437977	614.278092518741	2349.73263713269	927_4420_7
156	Spectrogram 1	1	4423.08673255108	4423.25253725693	647.334369559006	2349.73263713269	927_4420_8
157	Spectrogram 1	1	4423.71410352923	4423.95586783104	614.278092518741	2234.03566749176	927_4420_9
158	Spectrogram 1	1	4426.40271468508	4426.5876468797	482.052984357678	2118.33869785083	927_4425_1
159	Spectrogram 1	1	4428.88508103474	4429.09505301778	597.749953998608	2068.75428229043	927_4425_2
160	Spectrogram 1	1	8127.50647201284	8128.00862573177	614.278092518741	2448.90146825349	927_8125_1
161	Spectrogram 1	1	8128.56202933202	8129.01929647002	548.165538438209	2481.95774529376	927_8125_2
162	Spectrogram 1	1	8186.79079980722	8187.2795440721	630.806231038874	2283.62008305216	927_8185_1
163	Spectrogram 1	1	8187.73788208051	8188.20330905583	581.221815478475	2283.62008305216	927_8185_2
164	Spectrogram 1	1	8263.93747678471	8264.40759131302	482.052984357678	2994.33003941788	927_8260_1
165	Spectrogram 1	1	8264.96911280966	8265.34572977621	399.412291757013	2448.90146825349	927_8265_1
166	Spectrogram 1	1	8268.8572468907	8269.18341211542	531.637399918076	3258.78025574	927_8265_2
167	Spectrogram 1	1	8269.25760702112	8269.52540524978	498.58112287781	3010.85817793801	927_8265_3
168	Spectrogram 1	1	8269.716152421	8269.96962906114	498.58112287781	2977.80190089774	927_8265_4
169	Spectrogram 1	1	8272.17690425612	8272.52080775651	415.940430277146	2928.21748533734	927_8270_1
170	Spectrogram 1	1	8272.60896310499	8272.87164596244	498.58112287781	2977.80190089774	927_8270_2
171	Spectrogram 1	1	8273.1277901777	8273.39799758464	498.58112287781	3060.44259349841	927_8270_3
172	Spectrogram 1	1	8277.02717864537	8277.28855469927	349.827876196615	2977.80190089774	927_8275_1
173	Spectrogram 1	1	8277.43622619797	8277.70087634145	432.468568797279	3010.85817793801	927_8275_2
174	Spectrogram 1	1	8277.89271971264	8278.16698706318	382.88415323688	3010.85817793801	927_8275_3
175	Spectrogram 1	1	8282.20269890449	8282.45695545971	482.052984357678	2829.04865421655	927_8280_1
176	Spectrogram 1	1	8282.65306801909	8282.9117246159	548.165538438209	2878.63306977695	927_8280_2
177	Spectrogram 1	1	8441.82765522851	8441.89218459782	630.806231038874	1721.66337336764	927_8440_1
178	Spectrogram 1	1	8442.56543904989	8442.68428266671	597.749953998608	2234.03566749176	927_8440_2
179	Spectrogram 1	1	8442.95231469539	8442.98415895041	498.58112287781	2465.42960677362	927_8440_3
180	Spectrogram 1	1	8443.33538159584	8443.42858224776	349.827876196615	2184.45125193136	927_8440_4
181	Spectrogram 1	1	8443.76133282074	8443.91765581739	531.637399918076	2680.29540753535	927_8440_5
182	Spectrogram 1	1	8444.27811001181	8444.48257326021	548.165538438209	2696.82354605548	927_8440_6
183	Spectrogram 1	1	9031.26737428345	9031.44435479915	316.771599156349	1903.47289708911	927_9030_1
184	Spectrogram 1	1	9031.88295847525	9032.03741740136	415.940430277146	2134.86683637097	927_9030_2
185	Spectrogram 1	1	9321.02741638766	9321.3206947963	448.996707317412	1986.11358968977	927_9320_1
186	Spectrogram 1	1	9322.36086676464	9322.54698692642	548.165538438209	2217.50752897163	927_9320_2
187	Spectrogram 1	1	9322.86210614915	9322.96831749204	548.165538438209	2316.67636009243	927_9320_3
188	Spectrogram 1	1	9323.34298578983	9323.43396993363	415.940430277146	2432.37332973336	927_9320_4
189	Spectrogram 1	1	9324.45366377205	9324.65519748882	581.221815478475	2614.18285345482	927_9320_5
190	Spectrogram 1	1	9327.15075291071	9327.35064869344	482.052984357678	1837.36034300857	927_9325_1
191	Spectrogram 1	1	9328.15756715996	9328.35117778676	630.806231038874	1886.94475856897	927_9325_2
192	Spectrogram 1	1	9328.65322919543	9328.81969779599	548.165538438209	2333.20449861256	927_9325_3
193	Spectrogram 1	1	9329.76550794895	9329.82500641582	663.862508079139	1655.55081928711	927_9325_4
194	Spectrogram 1	1	9330.26284012045	9330.38357710087	597.749953998608	2250.5638060119	927_9330_1
195	Spectrogram 1	1	9330.81133565984	9330.94816036419	597.749953998608	2366.26077565283	927_9330_2
196	Spectrogram 1	1	9331.4045275192	9331.52498873438	564.693676958342	2399.31705269309	927_9330_3
197	Spectrogram 1	1	9331.89746710313	9332.05708320185	498.58112287781	2515.01402233402	927_9330_4
198	Spectrogram 1	1	9332.39541468262	9332.59064038089	531.637399918076	2448.90146825349	927_9330_5
199	Spectrogram 1	1	9332.93661225241	9333.15519143501	729.975062159671	2515.01402233402	927_9330_6
200	Spectrogram 1	1	9333.48136203296	9333.71641362779	564.693676958342	2597.65471493469	927_9330_7
201	Spectrogram 1	1	9334.0156721879	9334.2322242423	498.58112287781	2531.54216085416	927_9330_8
202	Spectrogram 1	1	9334.58191736273	9334.72845377835	581.221815478475	2696.82354605548	927_9330_9
203	Spectrogram 1	1	9340.23442782341	9340.48508768818	482.052984357678	2448.90146825349	927_9340_1
204	Spectrogram 1	1	9340.74283507848	9341.02422539524	614.278092518741	2481.95774529376	927_9340_2
205	Spectrogram 1	1	9341.21658007276	9341.44472142466	498.58112287781	2680.29540753535	927_9340_3
206	Spectrogram 1	1	9341.70991248684	9341.98758277783	597.749953998608	2515.01402233402	927_9340_4
207	Spectrogram 1	1	9465.43617721045	9465.72991774472	283.715322116083	2184.45125193136	927_9465_1
208	Spectrogram 1	1	9466.05062539028	9466.20279324053	366.356014716747	2333.20449861256	927_9465_2
209	Spectrogram 1	1	9469.52525120068	9469.75601058239	415.940430277146	2035.69800525017	927_9465_3
210	Spectrogram 1	1	9596.1936187683	9596.23887989276	448.996707317412	2068.75428229043	927_9595_1
211	Spectrogram 1	1	9596.70327588195	9596.84648015799	614.278092518741	2085.28242081057	927_9595_2
212	Spectrogram 1	1	9597.27548888844	9597.48403922881	482.052984357678	2415.84519121323	927_9595_3
213	Spectrogram 1	1	9597.7488594623	9597.8637694261	465.524845837545	2151.3949748911	927_9595_4
214	Spectrogram 1	1	9598.28788541333	9598.53945024521	432.468568797279	2200.9793904515	927_9595_5
215	Spectrogram 1	1	9598.82523421063	9599.00354542165	415.940430277146	2118.33869785083	927_9595_6
216	Spectrogram 1	1	9599.36615814006	9599.45133879941	465.524845837545	2052.2261437703	927_9595_7
217	Spectrogram 1	1	9599.91766889084	9600.12859639261	498.58112287781	2118.33869785083	927_9595_8
218	Spectrogram 1	1	9600.43830173358	9600.64967971421	548.165538438209	2564.59843789442	927_9600_1
219	Spectrogram 1	1	9600.9379999777	9601.22172266855	680.390646599272	2630.71099197495	927_9600_2
220	Spectrogram 1	1	9601.50575367897	9601.75496085711	647.334369559006	2333.20449861256	927_9600_3
221	Spectrogram 1	1	9602.19666579728	9602.39689835148	581.221815478475	2448.90146825349	927_9600_4
222	Spectrogram 1	1	9602.74026495951	9603.06119571814	630.806231038874	2581.12657641455	927_9600_5
223	Spectrogram 1	1	9603.26351128421	9603.45889865161	647.334369559006	2349.73263713269	927_9600_6
224	Spectrogram 1	1	9603.99691429778	9604.18913213966	448.996707317412	2134.86683637097	927_9600_7
225	Spectrogram 1	1	9605.03828689454	9605.24201851342	415.940430277146	1738.19151188778	927_9605_1
226	Spectrogram 1	1	9605.5537807318	9605.73869740522	333.299737676482	2167.92311341123	927_9605_2
227	Spectrogram 1	1	9606.16259780204	9606.26932908101	382.88415323688	2432.37332973336	927_9605_3
228	Spectrogram 1	1	9607.36766886475	9607.54634622287	531.637399918076	2415.84519121323	927_9605_4
229	Spectrogram 1	1	9609.0482332218	9609.31316454749	515.109261397944	2515.01402233402	927_9605_5
230	Spectrogram 1	1	9609.57312173426	9609.80719913296	482.052984357678	2663.76726901522	927_9605_6
231	Spectrogram 1	1	9707.21658117835	9707.49051014194	548.165538438209	2349.73263713269	927_9705_1
232	Spectrogram 1	1	9707.61577469161	9707.81203217785	349.827876196615	2184.45125193136	927_9705_2
233	Spectrogram 1	1	9708.1487996783	9708.27178041758	630.806231038874	2035.69800525017	927_9705_3
234	Spectrogram 1	1	9708.58545044455	9708.74730430702	663.862508079139	2118.33869785083	927_9705_4
235	Spectrogram 1	1	9709.04590664032	9709.20485734975	432.468568797279	1688.60709632738	927_9705_5
236	Spectrogram 1	1	9709.50549257862	9709.70220596072	382.88415323688	2052.2261437703	927_9705_6
237	Spectrogram 1	1	9777.99898607134	9778.40347878924	415.940430277146	2118.33869785083	927_9775_1
238	Spectrogram 1	1	9778.60932242921	9778.92060274455	515.109261397944	2101.8105593307	927_9775_2
239	Spectrogram 1	1	9779.98209812122	9780.20473464184	696.918785119405	1986.11358968977	927_9780_1
240	Spectrogram 1	1	9995.54611641471	9996.09572930779	283.715322116083	2316.67636009243	927_9995_1
241	Spectrogram 1	1	9996.80315080162	9997.64436486931	217.602768035552	1853.88848152871	927_9995_2
242	Spectrogram 1	1	9998.1728230564	9998.96083408678	201.074629515419	2019.16986673004	927_9995_3
243	Spectrogram 1	1	9999.55348526998	10000.4328830884	217.602768035552	2068.75428229043	927_9995_4
244	Spectrogram 1	1	10290.5185724173	10290.793284251	316.771599156349	1556.38198816632	927_10290_1
245	Spectrogram 1	1	10294.4926131133	10294.8225114823	201.074629515419	1903.47289708911	927_10290_2
246	Spectrogram 1	1	10295.1751222053	10295.4723699581	597.749953998608	2217.50752897163	927_10295_1
247	Spectrogram 1	1	10295.8258524891	10295.9312618348	564.693676958342	2349.73263713269	927_10295_2
248	Spectrogram 1	1	10296.9107386186	10297.0865304821	581.221815478475	2531.54216085416	927_10295_3
249	Spectrogram 1	1	10300.2517150619	10300.4110934959	597.749953998608	1572.91012668645	927_10300_1
250	Spectrogram 1	1	10301.0126399055	10301.2464414944	531.637399918076	1986.11358968977	927_10300_2
251	Spectrogram 1	1	10301.5876441081	10301.943197671	630.806231038874	2217.50752897163	927_10300_3
252	Spectrogram 1	1	10310.1944127226	10310.359508867	482.052984357678	2300.14822157229	927_10310_1
253	Spectrogram 1	1	10311.7016556128	10311.9148237918	548.165538438209	1986.11358968977	927_10310_2
254	Spectrogram 1	1	10314.4646043456	10314.6447802234	597.749953998608	2200.9793904515	927_10310_3
255	Spectrogram 1	1	10315.4829811496	10315.9209731583	382.88415323688	1920.00103560924	927_10315_1
256	Spectrogram 1	1	10316.5858822262	10316.8474490178	382.88415323688	2052.2261437703	927_10315_2
257	Spectrogram 1	1	10318.8475739334	10319.2762934153	333.299737676482	1820.83220448844	927_10315_3
258	Spectrogram 1	1	10319.6519779679	10319.9100288442	333.299737676482	1903.47289708911	927_10315_4
259	Spectrogram 1	1	10320.3407714329	10320.647453738	217.602768035552	2217.50752897163	927_10320_1
260	Spectrogram 1	1	10351.5087766915	10351.7149546278	448.996707317412	2630.71099197495	927_10350_1
261	Spectrogram 1	1	10352.2588626248	10352.6586199526	448.996707317412	3060.44259349841	927_10350_2
262	Spectrogram 1	1	10353.7658614359	10354.0703568649	349.827876196615	2151.3949748911	927_10350_3
263	Spectrogram 1	1	10387.8391251474	10388.0322029411	465.524845837545	1969.58545116964	927_10385_1
264	Spectrogram 1	1	10388.6150660555	10388.9043427728	333.299737676482	2101.8105593307	927_10385_2
265	Spectrogram 1	1	10395.9650919749	10396.0692202037	465.524845837545	2250.5638060119	927_10395_1
266	Spectrogram 1	1	10396.9904868087	10397.0892089317	316.771599156349	2465.42960677362	927_10395_2
267	Spectrogram 1	1	10401.8837851382	10402.115866323	333.299737676482	2448.90146825349	927_10400_1
268	Spectrogram 1	1	10402.9846698939	10403.2197959715	217.602768035552	2366.26077565283	927_10400_2
269	Spectrogram 1	1	10404.7416742009	10404.8326571637	333.299737676482	2234.03566749176	927_10400_3
270	Spectrogram 1	1	10405.3613932989	10405.5699651815	432.468568797279	2234.03566749176	927_10405_1
271	Spectrogram 1	1	10406.6139283803	10406.7924721348	333.299737676482	2713.35168457562	927_10405_2
272	Spectrogram 1	1	10407.425504285	10407.6900506966	201.074629515419	2564.59843789442	927_10405_3
273	Spectrogram 1	1	10408.2965556745	10408.5198185101	217.602768035552	2151.3949748911	927_10405_4
274	Spectrogram 1	1	10426.2591247687	10426.6277155623	118.433936914754	2250.5638060119	927_10425_1
275	Spectrogram 1	1	10429.8795360651	10430.0761359904	184.546490995286	2399.31705269309	927_10425_2
276	Spectrogram 1	1	10484.7692142543	10484.9055300427	382.88415323688	2002.6417282099	927_10485_1
277	Spectrogram 1	1	10491.9400545359	10492.223624483	333.299737676482	1754.71965040791	927_10490_1
278	Spectrogram 1	1	10493.4686572023	10493.6136477743	217.602768035552	2200.9793904515	927_10490_2
279	Spectrogram 1	1	10494.0576631752	10494.227263548	234.130906555684	2151.3949748911	927_10490_3
280	Spectrogram 1	1	10509.0108820249	10509.1509008677	448.996707317412	2035.69800525017	927_10505_1
281	Spectrogram 1	1	10509.590811075	10509.8390904966	415.940430277146	2564.59843789442	927_10505_2
282	Spectrogram 1	1	10510.0718713845	10510.3054337962	432.468568797279	2101.8105593307	927_10510_1
283	Spectrogram 1	1	10510.5795951369	10510.8333835739	531.637399918076	2316.67636009243	927_10510_2
284	Spectrogram 1	1	10511.3015881487	10511.5712516317	300.243460636216	2151.3949748911	927_10510_3
285	Spectrogram 1	1	10511.8232537129	10512.0948309908	465.524845837545	2614.18285345482	927_10510_4
286	Spectrogram 1	1	10512.7803351044	10513.1216778308	465.524845837545	2349.73263713269	927_10510_5
287	Spectrogram 1	1	10515.140775634	10515.3995917196	382.88415323688	2151.3949748911	927_10515_1
288	Spectrogram 1	1	10519.5156946162	10519.8490856697	515.109261397944	2647.23913049509	927_10515_2
289	Spectrogram 1	1	10523.6547646109	10523.9339887105	548.165538438209	2564.59843789442	927_10520_1
290	Spectrogram 1	1	10570.0397059446	10570.274358705	349.827876196615	2035.69800525017	927_10570_1
291	Spectrogram 1	1	10570.5511111916	10570.7730904245	300.243460636216	1953.0573126495	927_10570_2
292	Spectrogram 1	1	10585.9704138545	10586.2364489214	432.468568797279	2167.92311341123	927_10585_1
293	Spectrogram 1	1	10586.6425420225	10586.8126689048	399.412291757013	2300.14822157229	927_10585_2
294	Spectrogram 1	1	10587.732211565	10587.8693056684	432.468568797279	2118.33869785083	927_10585_3
295	Spectrogram 1	1	10588.1667320339	10588.3670452401	482.052984357678	2415.84519121323	927_10585_4
296	Spectrogram 1	1	10588.5479284188	10588.7329857409	432.468568797279	2647.23913049509	927_10585_5
297	Spectrogram 1	1	10588.9402348915	10589.1945321676	515.109261397944	2465.42960677362	927_10585_6
298	Spectrogram 1	1	10589.3331302537	10589.5789890719	515.109261397944	2382.78891417296	927_10585_7
299	Spectrogram 1	1	10589.7637356406	10589.9556074966	614.278092518741	2498.48588381389	927_10585_8
300	Spectrogram 1	1	10595.2520232599	10595.3757504642	812.615754760335	2515.01402233402	927_10595_1
301	Spectrogram 1	1	10595.8049518278	10595.9451056497	548.165538438209	1853.88848152871	927_10595_2
302	Spectrogram 1	1	10596.2950751177	10596.4901384296	630.806231038874	2250.5638060119	927_10595_3
303	Spectrogram 1	1	10596.7555263102	10596.9836481096	597.749953998608	2581.12657641455	927_10595_4
304	Spectrogram 1	1	10597.2885336567	10597.4713363713	515.109261397944	2432.37332973336	927_10595_5
305	Spectrogram 1	1	10597.7589425978	10597.8880517118	663.862508079139	2515.01402233402	927_10595_6
306	Spectrogram 1	1	10598.2001981261	10598.3390844863	581.221815478475	2713.35168457562	927_10595_7
307	Spectrogram 1	1	10598.675073139	10598.8665959176	448.996707317412	2630.71099197495	927_10595_8
308	Spectrogram 1	1	10599.1818073562	10599.3921134017	548.165538438209	2300.14822157229	927_10595_9
309	Spectrogram 1	1	10599.6985428369	10599.9571877692	432.468568797279	2614.18285345482	927_10595_10
310	Spectrogram 1	1	10600.2365361082	10600.5209125246	316.771599156349	2366.26077565283	927_10600_1
311	Spectrogram 1	1	10600.8388252264	10601.0230405364	531.637399918076	2349.73263713269	927_10600_2
312	Spectrogram 1	1	10603.2773373541	10603.4119919935	267.18718359595	1953.0573126495	927_10600_3
313	Spectrogram 1	1	10603.7836942075	10603.9328771287	366.356014716747	2118.33869785083	927_10600_4
314	Spectrogram 1	1	10604.4867289421	10604.760389424	432.468568797279	2614.18285345482	927_10600_5
315	Spectrogram 1	1	10604.9557508232	10605.2909305018	432.468568797279	2663.76726901522	927_10600_6
316	Spectrogram 1	1	10605.4753708524	10605.6294255862	465.524845837545	2862.10493125681	927_10605_1
317	Spectrogram 1	1	10607.8868590914	10608.3105682016	548.165538438209	2085.28242081057	927_10605_2
318	Spectrogram 1	1	10608.544753951	10608.7670668588	581.221815478475	2465.42960677362	927_10605_3
319	Spectrogram 1	1	10609.1261658857	10609.3309516578	482.052984357678	2200.9793904515	927_10605_4
320	Spectrogram 1	1	10609.7811812539	10610.0936110718	597.749953998608	2465.42960677362	927_10605_5
321	Spectrogram 1	1	10610.3450989963	10610.5760606905	564.693676958342	2481.95774529376	927_10610_1
322	Spectrogram 1	1	10610.8879740412	10611.1597684738	581.221815478475	2448.90146825349	927_10610_2
323	Spectrogram 1	1	10611.3835955496	10611.6538604029	663.862508079139	2217.50752897163	927_10610_3
324	Spectrogram 1	1	10612.1926108619	10612.3914013623	614.278092518741	2448.90146825349	927_10610_4
325	Spectrogram 1	1	10612.8333658404	10613.2061458351	597.749953998608	2614.18285345482	927_10610_5
326	Spectrogram 1	1	10613.4450583786	10613.7121634097	564.693676958342	2548.07029937429	927_10610_6
327	Spectrogram 1	1	10617.3402311822	10617.4692961813	515.109261397944	2151.3949748911	927_10615_1
328	Spectrogram 1	1	10619.5990781677	10619.8169246831	498.58112287781	2696.82354605548	927_10615_2
329	Spectrogram 1	1	10620.1801997327	10620.4458229651	415.940430277146	2597.65471493469	927_10620_1
330	Spectrogram 1	1	10620.6935225702	10620.7567377339	415.940430277146	2531.54216085416	927_10620_2
331	Spectrogram 1	1	10621.3804108825	10621.6996668178	498.58112287781	2184.45125193136	927_10620_3
332	Spectrogram 1	1	10626.2090631857	10626.2975633198	217.602768035552	1738.19151188778	927_10625_1
333	Spectrogram 1	1	10630.4121406527	10630.6927162218	151.49021395502	1605.96640372671	927_10630_1
334	Spectrogram 1	1	10630.9750253313	10631.1498846933	250.659045075817	2184.45125193136	927_10630_2
335	Spectrogram 1	1	10634.5913868543	10634.9789065421	283.715322116083	2019.16986673004	927_10630_3
336	Spectrogram 1	1	10635.1841398464	10635.3681709426	250.659045075817	2415.84519121323	927_10635_1
337	Spectrogram 1	1	10635.8468485587	10636.0936344687	234.130906555684	2316.67636009243	927_10635_2
338	Spectrogram 1	1	10667.2116367314	10667.5301324548	283.715322116083	2019.16986673004	927_10665_2
339	Spectrogram 1	1	10667.8767267341	10668.1696150088	234.130906555684	2200.9793904515	927_10665_1
340	Spectrogram 1	1	10720.1668048065	10720.2870007328	415.940430277146	1424.15688000525	927_10720_1
341	Spectrogram 1	1	10721.686845262	10722.0645260139	283.715322116083	1672.07895780725	927_10720_2
342	Spectrogram 1	1	10722.7700167483	10723.0145756114	184.546490995286	1688.60709632738	927_10720_3
343	Spectrogram 1	1	10723.3966950542	10723.7279230274	184.546490995286	1754.71965040791	927_10720_4
344	Spectrogram 1	1	10840.6192422119	10840.8787949129	234.130906555684	1870.41662004884	927_10840_1
345	Spectrogram 1	1	10841.160597855	10841.4427138412	349.827876196615	1886.94475856897	927_10840_2
346	Spectrogram 1	1	10841.8924898299	10842.1412212807	201.074629515419	1903.47289708911	927_10840_3
347	Spectrogram 1	1	10842.6266686451	10842.7719532383	283.715322116083	2068.75428229043	927_10840_4
348	Spectrogram 1	1	10843.2917727868	10843.4541039161	201.074629515419	1969.58545116964	927_10840_5
349	Spectrogram 1	1	10844.3843593896	10844.4720262897	283.715322116083	1936.52917412937	927_10840_6
350	Spectrogram 1	1	10844.8379358383	10845.0524254621	399.412291757013	2300.14822157229	927_10840_7
351	Spectrogram 1	1	10845.3432060561	10845.5741354314	614.278092518741	2333.20449861256	927_10845_1
352	Spectrogram 1	1	10845.8006480067	10845.9532406947	548.165538438209	2333.20449861256	927_10845_2
353	Spectrogram 1	1	10846.3255477925	10846.5971250704	614.278092518741	2515.01402233402	927_10845_3
354	Spectrogram 1	1	10846.8193835003	10847.0295398905	614.278092518741	2498.48588381389	927_10845_4
355	Spectrogram 1	1	10847.3029944785	10847.452796873	515.109261397944	2597.65471493469	927_10845_5
356	Spectrogram 1	1	10847.7415129033	10848.0172811507	548.165538438209	2630.71099197495	927_10845_6
357	Spectrogram 1	1	10848.2642971525	10848.4683470202	581.221815478475	2515.01402233402	927_10845_7
358	Spectrogram 1	1	10848.813073315	10849.1926661393	515.109261397944	2481.95774529376	927_10845_8
359	Spectrogram 1	1	10849.526258633	10849.7576762387	630.806231038874	2465.42960677362	927_10845_9
360	Spectrogram 1	1	10850.0195773345	10850.2743623187	647.334369559006	2498.48588381389	927_10850_1
361	Spectrogram 1	1	10850.4775251152	10850.6137199173	647.334369559006	2267.09194453203	927_10850_2
362	Spectrogram 1	1	10851.0316967495	10851.2001167595	663.862508079139	2333.20449861256	927_10850_3
363	Spectrogram 1	1	10851.5647891832	10851.7496070716	614.278092518741	2481.95774529376	927_10850_4
364	Spectrogram 1	1	10852.259198986	10852.5432599088	482.052984357678	1986.11358968977	927_10850_5
365	Spectrogram 1	1	10853.0325277273	10853.2369043063	614.278092518741	2630.71099197495	927_10850_6
366	Spectrogram 1	1	10853.5144438494	10853.7583061969	763.031339199937	2448.90146825349	927_10850_7
367	Spectrogram 1	1	10853.9369221111	10854.2060308989	647.334369559006	2713.35168457562	927_10850_8
368	Spectrogram 1	1	10854.4812387709	10854.7784965287	812.615754760335	2465.42960677362	927_10850_9
369	Spectrogram 1	1	10854.9817471231	10855.2007509986	729.975062159671	2498.48588381389	927_10855_1
370	Spectrogram 1	1	10855.5073185743	10855.63933768	663.862508079139	2432.37332973336	927_10855_2
371	Spectrogram 1	1	10855.9520193615	10856.1410499325	614.278092518741	2515.01402233402	927_10855_3
372	Spectrogram 1	1	10856.393015926	10856.6115951086	680.390646599272	2333.20449861256	927_10855_4
373	Spectrogram 1	1	10856.8501934397	10857.1051153317	564.693676958342	2581.12657641455	927_10855_5
374	Spectrogram 1	1	10857.3470015683	10857.640068344	614.278092518741	2548.07029937429	927_10855_6
375	Spectrogram 1	1	10858.1868003507	10858.2845303782	680.390646599272	2696.82354605548	927_10855_7
376	Spectrogram 1	1	10858.8272902256	10859.0051188134	548.165538438209	2663.76726901522	927_10855_8
377	Spectrogram 1	1	10860.1065415369	10860.2521462248	647.334369559006	2696.82354605548	927_10860_1
378	Spectrogram 1	1	10860.5703096266	10860.7629489229	729.975062159671	2614.18285345482	927_10860_2
379	Spectrogram 1	1	10861.1763333599	10861.3454038285	713.446923639538	2465.42960677362	927_10860_3
380	Spectrogram 1	1	10861.6227665159	10861.8380772839	614.278092518741	2564.59843789442	927_10860_4
381	Spectrogram 1	1	10861.9953671035	10862.2521199052	515.109261397944	2762.93610013602	927_10860_5
382	Spectrogram 1	1	10862.4667193196	10862.6357411151	366.356014716747	2614.18285345482	927_10860_6
383	Spectrogram 1	1	10863.0035562596	10863.2002696417	630.806231038874	2101.8105593307	927_10860_7
384	Spectrogram 1	1	10866.9203875262	10866.9900525385	647.334369559006	1721.66337336764	927_10865_1
385	Spectrogram 1	1	10867.3613599862	10867.5534904451	415.940430277146	2267.09194453203	927_10865_2
386	Spectrogram 1	1	10867.9411645736	10868.1662249657	482.052984357678	2250.5638060119	927_10865_3
387	Spectrogram 1	1	10868.5487416462	10868.7879755822	498.58112287781	2300.14822157229	927_10865_4
388	Spectrogram 1	1	10869.3064913164	10869.4767897478	482.052984357678	1886.94475856897	927_10865_5
389	Spectrogram 1	1	10871.5759958459	10871.7975420087	515.109261397944	2465.42960677362	927_10870_1
390	Spectrogram 1	1	10872.1272332373	10872.4499619656	597.749953998608	2548.07029937429	927_10870_2
391	Spectrogram 1	1	10872.6776012128	10872.9740227351	581.221815478475	2399.31705269309	927_10870_3
392	Spectrogram 1	1	10873.1133852196	10873.4361262219	630.806231038874	2531.54216085416	927_10870_4
393	Spectrogram 1	1	10873.4824172369	10873.7738234343	597.749953998608	2531.54216085416	927_10870_5
394	Spectrogram 1	1	10874.0058515588	10874.2786759479	630.806231038874	2663.76726901522	927_10870_6
395	Spectrogram 1	1	10874.5226808625	10874.8053137232	482.052984357678	2531.54216085416	927_10870_7
396	Spectrogram 1	1	10875.0633409357	10875.3716437114	465.524845837545	2515.01402233402	927_10875_1
397	Spectrogram 1	1	10875.5787261107	10875.8659051271	614.278092518741	2531.54216085416	927_10875_2
398	Spectrogram 1	1	10876.1150735131	10876.396075735	614.278092518741	2663.76726901522	927_10875_3
399	Spectrogram 1	1	10876.6367955583	10876.9560644201	531.637399918076	2614.18285345482	927_10875_4
400	Spectrogram 1	1	10877.1967769206	10877.4970900863	581.221815478475	2961.27376237761	927_10875_5
401	Spectrogram 1	1	10877.7303409982	10878.0347267239	498.58112287781	2878.63306977695	927_10875_6
402	Spectrogram 1	1	10878.2292226442	10878.5058375703	498.58112287781	2812.52051569641	927_10875_7
403	Spectrogram 1	1	10878.6432930112	10878.8684840444	581.221815478475	2762.93610013602	927_10875_8
404	Spectrogram 1	1	10879.0986064517	10879.3683939912	349.827876196615	2779.46423865615	927_10875_9
405	Spectrogram 1	1	10879.6228113707	10879.8547918423	581.221815478475	2498.48588381389	927_10875_10
406	Spectrogram 1	1	10880.1430485349	10880.4481119654	614.278092518741	2283.62008305216	927_10880_1
407	Spectrogram 1	1	10881.2031265768	10881.4680330394	482.052984357678	2035.69800525017	927_10880_2
408	Spectrogram 1	1	10881.9081700894	10882.1552485226	581.221815478475	2448.90146825349	927_10880_3
409	Spectrogram 1	1	10882.4015776611	10882.7080136067	614.278092518741	2366.26077565283	927_10880_4
410	Spectrogram 1	1	10886.8295644728	10887.0856220912	548.165538438209	2696.82354605548	927_10885_1
411	Spectrogram 1	1	10887.3483638944	10887.6296739718	614.278092518741	2845.57679273668	927_10885_2
412	Spectrogram 1	1	10887.9255269348	10888.1766833134	515.109261397944	2696.82354605548	927_10885_3
413	Spectrogram 1	1	10888.4484011553	10888.6892328269	531.637399918076	2597.65471493469	927_10885_4
414	Spectrogram 1	1	10888.9475175157	10889.1726017231	581.221815478475	2548.07029937429	927_10885_5
415	Spectrogram 1	1	10889.461307856	10889.684235743	515.109261397944	2779.46423865615	927_10885_6
416	Spectrogram 1	1	10890.0554233846	10890.1514342761	548.165538438209	2283.62008305216	927_10890_1
417	Spectrogram 1	1	10890.3247930684	10890.4336540428	531.637399918076	2564.59843789442	927_10890_2
418	Spectrogram 1	1	10890.7805267335	10890.9929279938	663.862508079139	2498.48588381389	927_10890_3
419	Spectrogram 1	1	10891.2203171306	10891.3706296525	531.637399918076	2465.42960677362	927_10890_4
420	Spectrogram 1	1	10891.922787155	10892.2944293199	647.334369559006	2647.23913049509	927_10890_5
421	Spectrogram 1	1	10892.3450462516	10892.5559725211	647.334369559006	2432.37332973336	927_10890_6
422	Spectrogram 1	1	10893.4720237519	10893.6027065295	729.975062159671	2267.09194453203	927_10890_7
423	Spectrogram 1	1	10893.9923255291	10894.1096528124	581.221815478475	2548.07029937429	927_10890_8
424	Spectrogram 1	1	10894.4410192882	10894.5537823383	763.031339199937	2647.23913049509	927_10890_9
425	Spectrogram 1	1	10894.8501460717	10895.0666724197	812.615754760335	2564.59843789442	927_10890_10
426	Spectrogram 1	1	10908.3739661891	10908.6735429647	746.503200679804	2399.31705269309	927_10905_1
427	Spectrogram 1	1	10908.9563437997	10909.1898935465	564.693676958342	2481.95774529376	927_10905_2
428	Spectrogram 1	1	10909.575307246	10909.7848936302	696.918785119405	2415.84519121323	927_10905_3
429	Spectrogram 1	1	10923.4569473474	10923.7423387336	531.637399918076	2548.07029937429	927_10920_1
430	Spectrogram 1	1	10923.9335517077	10924.1617105181	515.109261397944	2647.23913049509	927_10920_2
431	Spectrogram 1	1	10924.3747625077	10924.6459905754	647.334369559006	2696.82354605548	927_10920_3
432	Spectrogram 1	1	10924.8643849968	10924.9370284095	614.278092518741	2614.18285345482	927_10925_1
433	Spectrogram 1	1	10925.3379431621	10925.5258084027	713.446923639538	2663.76726901522	927_10925_2
434	Spectrogram 1	1	10942.7434566123	10942.9326718976	448.996707317412	2448.90146825349	927_10940_1
435	Spectrogram 1	1	10945.8788340434	10946.1194002294	432.468568797279	2200.9793904515	927_10945_1
436	Spectrogram 1	1	10962.7555748723	10962.9709473452	448.996707317412	2349.73263713269	927_10960_1
437	Spectrogram 1	1	10963.3324291875	10963.4831087364	564.693676958342	2481.95774529376	927_10960_2
438	Spectrogram 1	1	10963.8139258821	10964.0024506624	548.165538438209	2581.12657641455	927_10960_3
439	Spectrogram 1	1	10964.3313545478	10964.54551888	630.806231038874	2630.71099197495	927_10960_4
440	Spectrogram 1	1	10964.8715754179	10964.986478451	647.334369559006	2581.12657641455	927_10965_1
441	Spectrogram 1	1	10965.3820781384	10965.5256655493	515.109261397944	2581.12657641455	927_10965_2
442	Spectrogram 1	1	10966.1904189295	10966.4079292089	597.749953998608	2515.01402233402	927_10965_3
443	Spectrogram 1	1	10966.6666568643	10966.7861687389	680.390646599272	2217.50752897163	927_10965_4
444	Spectrogram 1	1	10967.1874437394	10967.3591601247	614.278092518741	2564.59843789442	927_10965_5
445	Spectrogram 1	1	10968.3212109103	10968.4932042233	614.278092518741	2779.46423865615	927_10965_6
446	Spectrogram 1	1	10968.9402542361	10969.143605772	531.637399918076	2531.54216085416	927_10965_7
447	Spectrogram 1	1	10970.5894078179	10970.6723460947	548.165538438209	2349.73263713269	927_10970_1
448	Spectrogram 1	1	10971.0982980099	10971.2986307351	779.55947772007	2465.42960677362	927_10970_2
449	Spectrogram 1	1	10971.6269963686	10971.759141352	829.143893280468	2647.23913049509	927_10970_3
450	Spectrogram 1	1	10972.1680066876	10972.5638216925	729.975062159671	2531.54216085416	927_10970_4
451	Spectrogram 1	1	10972.6946807543	10972.8764281868	680.390646599272	2581.12657641455	927_10970_5
452	Spectrogram 1	1	10974.8256477227	10975.0376272741	482.052984357678	2647.23913049509	927_10970_6
453	Spectrogram 1	1	11004.9127583998	11005.1336482058	399.412291757013	2300.14822157229	927_11005_1
454	Spectrogram 1	1	11005.499238017	11005.7863805307	465.524845837545	2465.42960677362	927_11005_2
455	Spectrogram 1	1	11006.0091211871	11006.0630144147	415.940430277146	2564.59843789442	927_11005_3
456	Spectrogram 1	1	11008.8760017036	11008.9492428802	531.637399918076	1358.04432592472	927_11005_4
457	Spectrogram 1	1	11038.1129340366	11038.4328392373	531.637399918076	2283.62008305216	927_11035_1
458	Spectrogram 1	1	11046.6541616486	11046.9153495884	349.827876196615	1870.41662004884	927_11045_1
459	Spectrogram 1	1	11047.3514386616	11047.4928530841	201.074629515419	2200.9793904515	927_11045_2
460	Spectrogram 1	1	11048.0388663488	11048.3460968172	267.18718359595	2515.01402233402	927_11045_3
461	Spectrogram 1	1	11049.2087247553	11049.4610917232	267.18718359595	2068.75428229043	927_11045_4
462	Spectrogram 1	1	11055.1681324729	11055.3222501845	366.356014716747	1986.11358968977	927_11055_1
463	Spectrogram 1	1	11055.3564950748	11055.5192054771	300.243460636216	1804.30406596831	927_11055_2
464	Spectrogram 1	1	11055.9351894763	11056.151226157	134.962075434887	1986.11358968977	927_11055_3
465	Spectrogram 1	1	11056.600759508	11056.675487275	234.130906555684	2217.50752897163	927_11055_4
466	Spectrogram 1	1	11057.1102916659	11057.2480330139	399.412291757013	2630.71099197495	927_11055_5
467	Spectrogram 1	1	11057.6317056165	11057.7197785979	349.827876196615	2283.62008305216	927_11055_6
468	Spectrogram 1	1	11070.9750191915	11071.2455746664	234.130906555684	2151.3949748911	927_11070_1
469	Spectrogram 1	1	11082.4819672175	11082.7541644465	184.546490995286	2134.86683637097	927_11080_1
470	Spectrogram 1	1	11090.3906272572	11090.624957095	151.49021395502	1837.36034300857	927_11090_1
471	Spectrogram 1	1	11101.5432886156	11101.7020897839	234.130906555684	1853.88848152871	927_11100_1
472	Spectrogram 1	1	11102.456012136	11102.6802425448	333.299737676482	1853.88848152871	927_11100_2
473	Spectrogram 1	1	11103.2307926683	11103.4923232177	168.018352475153	1804.30406596831	927_11100_3
474	Spectrogram 1	1	11104.252956461	11104.5872142255	234.130906555684	2068.75428229043	927_11100_4
475	Spectrogram 1	1	11105.1403862287	11105.3237253215	300.243460636216	2068.75428229043	927_11105_1
476	Spectrogram 1	1	11105.7516748221	11105.948689034	234.130906555684	2101.8105593307	927_11105_2
477	Spectrogram 1	1	12355.6586959513	12355.8232287552	482.052984357678	2448.90146825349	927_12355_1
478	Spectrogram 1	1	12357.7446034522	12357.9226415131	531.637399918076	2680.29540753535	927_12355_2
479	Spectrogram 1	1	12358.409612043	12358.6339491242	465.524845837545	2630.71099197495	927_12355_3
480	Spectrogram 1	1	12359.053332351	12359.2504186498	482.052984357678	2498.48588381389	927_12355_4
481	Spectrogram 1	1	12359.625031033	12359.8610744493	448.996707317412	2019.16986673004	927_12355_5
482	Spectrogram 1	1	12406.0331638777	12406.3285712905	581.221815478475	2481.95774529376	927_12405_1
483	Spectrogram 1	1	12406.6213342882	12406.7459604463	597.749953998608	2267.09194453203	927_12405_2
484	Spectrogram 1	1	12407.2675727324	12407.4916381359	614.278092518741	2052.2261437703	927_12405_3
485	Spectrogram 1	1	12407.8296846039	12407.9206614767	630.806231038874	2614.18285345482	927_12405_4
486	Spectrogram 1	1	12408.3467731702	12408.5324566253	614.278092518741	2581.12657641455	927_12405_5
487	Spectrogram 1	1	12408.865590346	12409.0372158576	647.334369559006	2515.01402233402	927_12405_6
488	Spectrogram 1	1	12409.2868911223	12409.4278163583	630.806231038874	2349.73263713269	927_12405_7
489	Spectrogram 1	1	12409.6883473024	12409.9040228979	597.749953998608	2448.90146825349	927_12405_8
490	Spectrogram 1	1	12410.1518985811	12410.3573997393	614.278092518741	2300.14822157229	927_12410_1
491	Spectrogram 1	1	12410.6393118025	12410.9086568292	597.749953998608	2382.78891417296	927_12410_2
492	Spectrogram 1	1	12411.1806810955	12411.4784308269	630.806231038874	2663.76726901522	927_12410_3
493	Spectrogram 1	1	12419.9987969203	12420.099503538	581.221815478475	1457.21315704552	927_12420_1
494	Spectrogram 1	1	12420.5469427208	12420.6485665861	564.693676958342	2035.69800525017	927_12420_2
495	Spectrogram 1	1	12686.8568692125	12686.9794958131	680.390646599272	2068.75428229043	927_12685_1
496	Spectrogram 1	1	12687.4545341032	12687.6278302265	630.806231038874	1953.0573126495	927_12685_2
497	Spectrogram 1	1	13333.1343038488	13333.3841851851	482.052984357678	2217.50752897163	927_13330_1
498	Spectrogram 1	1	14655.1862804022	14655.4057197031	597.749953998608	2961.27376237761	927_14655_1
499	Spectrogram 1	1	14655.7327404069	14655.978769644	531.637399918076	2680.29540753535	927_14655_2
500	Spectrogram 1	1	14656.2091283432	14656.3870801087	647.334369559006	2713.35168457562	927_14655_3
501	Spectrogram 1	1	14656.7346739783	14656.9935580249	746.503200679804	2762.93610013602	927_14655_4
502	Spectrogram 1	1	14657.2291829995	14657.4690453688	515.109261397944	2531.54216085416	927_14655_5
503	Spectrogram 1	1	14657.8157116781	14658.0753626233	663.862508079139	2481.95774529376	927_14655_6
504	Spectrogram 1	1	14658.4672851129	14658.6972944705	597.749953998608	1986.11358968977	927_14655_7
505	Spectrogram 1	1	17983.9338604935	17984.164709392	581.221815478475	2399.31705269309	927_17980_1
506	Spectrogram 1	1	17984.459809529	17984.6983468213	498.58112287781	2300.14822157229	927_17980_2
507	Spectrogram 1	1	17985.004709752	17985.2792149203	482.052984357678	2300.14822157229	927_17985_1
508	Spectrogram 1	1	17985.5569269291	17985.840297338	515.109261397944	2382.78891417296	927_17985_2
509	Spectrogram 1	1	17986.1301913433	17986.4139470892	498.58112287781	2349.73263713269	927_17985_3
510	Spectrogram 1	1	18629.9123515434	18630.1482633798	498.58112287781	2250.5638060119	927_18630_1
511	Spectrogram 1	1	19347.4134486692	19347.6668295084	333.299737676482	2465.42960677362	927_19345_1
512	Spectrogram 1	1	19347.958291596	19348.1338493471	498.58112287781	2564.59843789442	927_19345_2
513	Spectrogram 1	1	19348.5511303471	19348.7478780885	763.031339199937	2680.29540753535	927_19345_3
514	Spectrogram 1	1	19349.4405985695	19349.648474378	630.806231038874	2680.29540753535	927_19345_4
515	Spectrogram 1	1	19350.0107743893	19350.2710452027	482.052984357678	2415.84519121323	927_19350_1
516	Spectrogram 1	1	19350.5897933601	19350.7280760103	548.165538438209	2630.71099197495	927_19350_2
517	Spectrogram 1	1	19351.135710085	19351.38346838	548.165538438209	2812.52051569641	927_19350_3
518	Spectrogram 1	1	19351.8199979424	19352.0565570895	696.918785119405	2795.99237717628	927_19350_4
519	Spectrogram 1	1	19352.4098357989	19352.6633978755	614.278092518741	2399.31705269309	927_19350_5
520	Spectrogram 1	1	19352.9847257014	19353.2803321197	498.58112287781	2515.01402233402	927_19350_6
521	Spectrogram 1	1	19353.472422351	19353.736217011	465.524845837545	2415.84519121323	927_19350_7
522	Spectrogram 1	1	19354.1087192751	19354.3585185745	614.278092518741	2366.26077565283	927_19350_8
523	Spectrogram 1	1	19355.2566963594	19355.3524268295	597.749953998608	2432.37332973336	927_19355_1
524	Spectrogram 1	1	19355.9290901792	19356.1751279653	581.221815478475	2498.48588381389	927_19355_2
525	Spectrogram 1	1	19356.5695909676	19356.6903454005	316.771599156349	2481.95774529376	927_19355_3
526	Spectrogram 1	1	19357.8912900983	19358.1171817055	482.052984357678	2531.54216085416	927_19355_4
527	Spectrogram 1	1	19358.5975038293	19358.7444664965	448.996707317412	2415.84519121323	927_19355_5
528	Spectrogram 1	1	19359.1445286886	19359.25184755	696.918785119405	2812.52051569641	927_19355_6
529	Spectrogram 1	1	19362.4989849527	19362.7424446182	597.749953998608	2498.48588381389	927_19360_1
530	Spectrogram 1	1	19363.5474536583	19363.8587339736	382.88415323688	2531.54216085416	927_19360_2
531	Spectrogram 1	1	19364.2970891428	19364.4120610024	531.637399918076	2829.04865421655	927_19360_3
532	Spectrogram 1	1	19365.6581062387	19365.9620778625	448.996707317412	2481.95774529376	927_19365_1
533	Spectrogram 1	1	19369.0507531662	19369.3503401236	498.58112287781	2498.48588381389	927_19365_2
534	Spectrogram 1	1	19555.9625672951	19556.1776310189	564.693676958342	2564.59843789442	927_19555_1
535	Spectrogram 1	1	19561.6097892028	19561.7314870852	399.412291757013	2068.75428229043	927_19560_1
536	Spectrogram 1	1	19562.1460948184	19562.3651706474	250.659045075817	2151.3949748911	927_19560_2
537	Spectrogram 1	1	19563.5397845673	19563.7055892732	465.524845837545	2349.73263713269	927_19560_3
538	Spectrogram 1	1	19564.5517681495	19564.7787445367	333.299737676482	2234.03566749176	927_19560_4
539	Spectrogram 1	1	19571.4173978066	19571.6886581052	333.299737676482	2234.03566749176	927_19570_1
540	Spectrogram 1	1	19572.1665717262	19572.3488793843	333.299737676482	2101.8105593307	927_19570_2
541	Spectrogram 1	1	21580.3120677224	21580.6188528324	465.524845837545	2564.59843789442	927_21580_1
542	Spectrogram 1	1	21581.3203809828	21581.6652944905	531.637399918076	2548.07029937429	927_21580_2
