Selection	View	Channel	Begin Time (s)	End Time (s)	Low Freq (Hz)	High Freq (Hz)	Annotation
1	Spectrogram 1	1	4341.2927294857	4341.47112676004	647.334369559006	2448.90146825349	95_4340_1
2	Spectrogram 1	1	4342.49195961653	4342.65709363835	597.749953998608	2234.03566749176	95_4340_2
3	Spectrogram 1	1	4343.129578585	4343.1851489196	647.334369559006	2283.62008305216	95_4340_3
4	Spectrogram 1	1	4344.54904458061	4344.68817540821	680.390646599272	2250.5638060119	95_4340_4
5	Spectrogram 1	1	4345.19090942425	4345.31065512296	680.390646599272	2300.14822157229	95_4345_7
6	Spectrogram 1	1	4347.00164274038	4347.16399785871	647.334369559006	2515.01402233402	95_4345_1
7	Spectrogram 1	1	4347.53476552797	4347.7342554441	614.278092518741	2515.01402233402	95_4345_2
8	Spectrogram 1	1	4348.09023118754	4348.24620421987	614.278092518741	2614.18285345482	95_4345_3
9	Spectrogram 1	1	4348.64065822387	4348.75121231899	663.862508079139	2614.18285345482	95_4345_4
10	Spectrogram 1	1	4349.12827179944	4349.26737659322	696.918785119405	2746.40796161588	95_4345_5
11	Spectrogram 1	1	4349.61789391295	4349.72127174466	779.55947772007	2647.23913049509	95_4345_6
12	Spectrogram 1	1	4350.0225750023	4350.18095045077	829.143893280468	2564.59843789442	95_4350_1
13	Spectrogram 1	1	4350.53243345872	4350.69030420369	779.55947772007	2630.71099197495	95_4350_2
14	Spectrogram 1	1	4351.03619014554	4351.15560917261	862.200170320734	2862.10493125681	95_4350_3
15	Spectrogram 1	1	4351.5203729743	4351.61882919054	614.278092518741	2862.10493125681	95_4350_4
16	Spectrogram 1	1	4351.96568737464	4352.12274898909	647.334369559006	2548.07029937429	95_4350_5
17	Spectrogram 1	1	4352.5747742831	4352.58634844654	647.334369559006	2250.5638060119	95_4350_6
18	Spectrogram 1	1	4353.09864290246	4353.18199496769	796.087616240203	2283.62008305216	95_4350_7
19	Spectrogram 1	1	4353.57568784731	4353.68747413039	796.087616240203	2234.03566749176	95_4350_8
20	Spectrogram 1	1	4354.00008564298	4354.1540271545	713.446923639538	2581.12657641455	95_4350_9
21	Spectrogram 1	1	4354.5244081888	4354.72192738611	779.55947772007	2548.07029937429	95_4350_10
22	Spectrogram 1	1	4355.0120234748	4355.235805506	746.503200679804	2432.37332973336	95_4355_1
23	Spectrogram 1	1	4355.46491722513	4355.59599285245	796.087616240203	2415.84519121323	95_4355_2
24	Spectrogram 1	1	4355.95917787493	4356.11691198705	647.334369559006	2465.42960677362	95_4355_3
25	Spectrogram 1	1	4356.47143911066	4356.70299292949	729.975062159671	2432.37332973336	95_4355_4
26	Spectrogram 1	1	4357.11395009805	4357.2608151545	696.918785119405	2349.73263713269	95_4355_5
27	Spectrogram 1	1	8264.0959649514	8264.25825785562	763.031339199937	2498.48588381389	95_8260_1
28	Spectrogram 1	1	8266.34811673821	8266.50468152375	647.334369559006	2481.95774529376	95_8265_1
29	Spectrogram 1	1	8267.96269697906	8268.00481588546	746.503200679804	2283.62008305216	95_8265_2
30	Spectrogram 1	1	8269.6015942122	8269.80507956752	680.390646599272	2200.9793904515	95_8265_3
31	Spectrogram 1	1	8270.73107952754	8270.93683187156	597.749953998608	2597.65471493469	95_8270_1
32	Spectrogram 1	1	8271.4833569472	8271.75200749124	680.390646599272	2399.31705269309	95_8270_2
33	Spectrogram 1	1	8411.6231186569	8411.6997332702	763.031339199937	2746.40796161588	95_8410_1
34	Spectrogram 1	1	8412.21366533295	8412.53004797957	779.55947772007	2746.40796161588	95_8410_2
35	Spectrogram 1	1	8412.80377945242	8413.02005502644	763.031339199937	2614.18285345482	95_8410_3
36	Spectrogram 1	1	8413.36781048218	8413.44721434621	647.334369559006	2713.35168457562	95_8410_4
37	Spectrogram 1	1	8414.65084674468	8414.72471612543	763.031339199937	2515.01402233402	95_8410_5
38	Spectrogram 1	1	8415.22423089616	8415.32308524185	862.200170320734	2729.87982309575	95_8415_1
39	Spectrogram 1	1	8417.1697558284	8417.2302775305	630.806231038874	2630.71099197495	95_8415_3
40	Spectrogram 1	1	8417.58120574319	8417.77572036369	630.806231038874	2614.18285345482	95_8415_2
41	Spectrogram 1	1	8422.28672409429	8422.48813896165	763.031339199937	2581.12657641455	95_8420_1
42	Spectrogram 1	1	8509.15372367537	8509.45605889727	267.18718359595	2085.28242081057	95_8505_1
43	Spectrogram 1	1	11514.6352817114	11514.7654651235	597.749953998608	2680.29540753535	95_11510_1
44	Spectrogram 1	1	11560.9929228223	11561.3577979703	548.165538438209	2762.93610013602	95_11560_1
45	Spectrogram 1	1	11563.8113198206	11563.9360808688	663.862508079139	2234.03566749176	95_11560_2
46	Spectrogram 1	1	11564.5680490544	11564.7976803885	630.806231038874	2515.01402233402	95_11560_3
47	Spectrogram 1	1	11565.2270669155	11565.351576909	548.165538438209	2812.52051569641	95_11565_1
48	Spectrogram 1	1	11568.3808327088	11568.5399302614	630.806231038874	2696.82354605548	95_11565_2
49	Spectrogram 1	1	11570.6979578811	11570.8173962345	663.862508079139	2564.59843789442	95_11570_1
50	Spectrogram 1	1	11571.842554143	11571.9984949442	548.165538438209	2432.37332973336	95_11570_2
51	Spectrogram 1	1	11572.5611941477	11572.6286379922	663.862508079139	2448.90146825349	95_11570_3
52	Spectrogram 1	1	11574.5452271864	11574.6824670936	564.693676958342	2481.95774529376	95_11570_4
53	Spectrogram 1	1	12887.1047747932	12887.7302175958	432.468568797279	2515.01402233402	95_12885_1
54	Spectrogram 1	1	12986.3531539442	12986.7184274661	482.052984357678	2614.18285345482	95_12985_1
55	Spectrogram 1	1	12988.0547052206	12988.2574942969	696.918785119405	2680.29540753535	95_12985_2
56	Spectrogram 1	1	14140.961135618	14141.1109014332	564.693676958342	2481.95774529376	95_14140_1
57	Spectrogram 1	1	14141.5566344403	14141.7691448943	647.334369559006	2597.65471493469	95_14140_2
58	Spectrogram 1	1	14142.1059190082	14142.2982949251	614.278092518741	2498.48588381389	95_14140_3
59	Spectrogram 1	1	14142.5894280799	14142.768117962	630.806231038874	2812.52051569641	95_14140_4
60	Spectrogram 1	1	14143.1701630775	14143.3239993778	680.390646599272	2713.35168457562	95_14140_5
61	Spectrogram 1	1	14143.7219687299	14143.9416860206	614.278092518741	2746.40796161588	95_14140_6
62	Spectrogram 1	1	14144.2582675956	14144.379062801	680.390646599272	2729.87982309575	95_14140_7
63	Spectrogram 1	1	14144.8025467191	14145.0261117581	680.390646599272	2729.87982309575	95_14140_8
64	Spectrogram 1	1	14145.3146335564	14145.5686594378	696.918785119405	2349.73263713269	95_14145_1
65	Spectrogram 1	1	14145.9526684324	14146.221232064	862.200170320734	2333.20449861256	95_14145_2
66	Spectrogram 1	1	14146.5097943606	14146.7549266121	746.503200679804	2415.84519121323	95_14145_3
67	Spectrogram 1	1	14147.0320505228	14147.3258393103	581.221815478475	2564.59843789442	95_14145_4
68	Spectrogram 1	1	14147.6519767549	14147.8724892956	812.615754760335	2531.54216085416	95_14145_5
69	Spectrogram 1	1	14155.6961833902	14155.8296802555	812.615754760335	2366.26077565283	95_14155_1
70	Spectrogram 1	1	14156.3504959177	14156.5444456629	630.806231038874	2349.73263713269	95_14155_2
71	Spectrogram 1	1	14285.7328466075	14285.8842100985	531.637399918076	2614.18285345482	95_14285_1
72	Spectrogram 1	1	14850.4546543828	14850.6278528526	630.806231038874	2250.5638060119	95_14850_1
73	Spectrogram 1	1	14851.756564116	14851.9122990961	614.278092518741	2035.69800525017	95_14850_2
74	Spectrogram 1	1	14852.4966707089	14852.6865053531	581.221815478475	2234.03566749176	95_14850_3
75	Spectrogram 1	1	14853.217345288	14853.4601553258	548.165538438209	2118.33869785083	95_14850_4
76	Spectrogram 1	1	14855.5622034386	14855.688751235	581.221815478475	2068.75428229043	95_14855_1
77	Spectrogram 1	1	14856.5251391151	14856.6261779353	548.165538438209	1936.52917412937	95_14855_2
78	Spectrogram 1	1	14857.1692693639	14857.4520308724	564.693676958342	2134.86683637097	95_14855_3
79	Spectrogram 1	1	14857.885649824	14858.1214199871	696.918785119405	2399.31705269309	95_14855_4
80	Spectrogram 1	1	14858.5919681451	14858.8023962823	647.334369559006	2349.73263713269	95_14855_5
81	Spectrogram 1	1	14859.1929636351	14859.3853830214	663.862508079139	2283.62008305216	95_14855_6
82	Spectrogram 1	1	14859.9095238206	14860.1683894496	614.278092518741	2200.9793904515	95_14855_7
83	Spectrogram 1	1	14860.7546788919	14860.9524201408	581.221815478475	1986.11358968977	95_14860_1
84	Spectrogram 1	1	14861.3058906609	14861.5107936183	498.58112287781	2085.28242081057	95_14860_2
85	Spectrogram 1	1	14861.9714036069	14862.1029316558	597.749953998608	2134.86683637097	95_14860_3
86	Spectrogram 1	1	14862.5961164279	14862.6869084266	763.031339199937	2300.14822157229	95_14860_4
87	Spectrogram 1	1	14864.1338768764	14864.275641126	680.390646599272	2498.48588381389	95_14860_5
